0 0 0.0852316751898
0 1 0.156413037864
0 2 0.0176662017666
0 3 0.0241748024175
0 4 0.186063329717
0 5 0.0363655147477
0 6 0.378996849011
0 7 0.000413244485769
0 8 0.000568211167932
0 9 0.000774833410817
0 10 0.0108993233122
0 11 0.000774833410817
0 12 0.0
0 13 5.16555607211e-05
0 14 5.16555607211e-05
0 15 0.000516555607211
0 16 0.000206622242884
0 17 0.0
0 18 0.00046490004649
0 19 0.0
0 20 0.000361588925048
0 21 0.00108476677514
0 22 0.0121907123302
0 23 0.00475231158634
0 24 0.000878144532259
0 25 0.0
0 26 0.0
0 27 0.0017046335038
0 28 0.0391549150266
0 29 0.00996952321917
0 30 0.000516555607211
0 31 0.000516555607211
0 32 0.000206622242884
0 33 0.0
0 34 0.00129138901803
0 35 0.000206622242884
0 36 0.000103311121442
0 37 0.00123973345731
0 38 0.000413244485769
0 39 0.0
0 40 0.000103311121442
0 41 0.00335761144687
0 42 0.00940131205124
0 43 0.00139470013947
0 44 0.00160132238235
0 45 5.16555607211e-05
0 46 0.0
0 47 0.0
0 48 5.16555607211e-05
0 49 0.0
0 50 0.0
0 51 0.0
0 52 0.000723177850096
0 53 0.0019629113074
0 54 0.00092980009298
0 55 0.0
0 56 0.00227284467173
0 57 0.0
0 58 0.0
0 59 0.0
0 60 0.0
0 61 0.00118807789659
0 62 5.16555607211e-05
0 63 5.16555607211e-05
0 64 0.00046490004649
0 65 0.000878144532259
0 66 5.16555607211e-05
0 67 0.00123973345731
0 68 0.0
1 0 0.000249875062469
1 1 0.000249875062469
1 2 0.00174912543728
1 3 0.0
1 4 0.000499750124938
1 5 0.0
1 6 0.00224887556222
1 7 0.0
1 8 0.0
1 9 0.0
1 10 0.0
1 11 0.000249875062469
1 12 0.0
1 13 0.0
1 14 0.0
1 15 0.0
1 16 0.000249875062469
1 17 0.0
1 18 0.984507746127
1 19 0.0
1 20 0.0
1 21 0.0
1 22 0.0
1 23 0.0
1 24 0.0
1 25 0.0
1 26 0.0
1 27 0.0
1 28 0.0
1 29 0.0
1 30 0.0
1 31 0.0
1 32 0.0
1 33 0.0
1 34 0.0
1 35 0.000249875062469
1 36 0.0
1 37 0.0
1 38 0.000249875062469
1 39 0.0
1 40 0.0
1 41 0.00249875062469
1 42 0.0
1 43 0.00124937531234
1 44 0.0
1 45 0.0
1 46 0.000249875062469
1 47 0.0
1 48 0.0
1 49 0.0
1 50 0.0
1 51 0.0
1 52 0.0
1 53 0.0
1 54 0.000749625187406
1 55 0.0
1 56 0.000499750124938
1 57 0.0
1 58 0.0
1 59 0.0
1 60 0.0
1 61 0.000749625187406
1 62 0.00249875062469
1 63 0.0
1 64 0.0
1 65 0.0
1 66 0.000999500249875
1 67 0.0
1 68 0.0
2 0 0.00015943877551
2 1 0.0
2 2 0.000478316326531
2 3 0.0
2 4 0.00717474489796
2 5 0.0
2 6 0.0416135204082
2 7 0.0
2 8 0.0
2 9 0.0
2 10 0.0
2 11 0.0
2 12 0.0
2 13 0.0
2 14 0.0
2 15 0.0
2 16 0.0
2 17 0.00031887755102
2 18 0.0
2 19 0.0322066326531
2 20 0.0
2 21 0.00031887755102
2 22 0.000797193877551
2 23 0.00031887755102
2 24 0.0
2 25 0.0
2 26 0.0
2 27 0.0
2 28 0.0
2 29 0.0
2 30 0.0
2 31 0.0
2 32 0.0
2 33 0.0
2 34 0.00255102040816
2 35 0.00127551020408
2 36 0.000956632653061
2 37 0.00015943877551
2 38 0.00031887755102
2 39 0.0
2 40 0.0
2 41 0.766741071429
2 42 0.0
2 43 0.0
2 44 0.00191326530612
2 45 0.00031887755102
2 46 0.0
2 47 0.0
2 48 0.0
2 49 0.0
2 50 0.0
2 51 0.0
2 52 0.0
2 53 0.00015943877551
2 54 0.133131377551
2 55 0.00239158163265
2 56 0.00031887755102
2 57 0.0
2 58 0.0
2 59 0.0
2 60 0.0
2 61 0.000637755102041
2 62 0.00127551020408
2 63 0.00015943877551
2 64 0.0
2 65 0.0
2 66 0.00430484693878
2 67 0.0
2 68 0.0
3 0 0.0
3 1 0.0
3 2 0.000599161174356
3 3 0.0
3 4 0.000599161174356
3 5 0.0
3 6 0.00344517675255
3 7 0.0
3 8 0.0
3 9 0.0
3 10 0.0
3 11 0.0
3 12 0.0
3 13 0.0
3 14 0.0
3 15 0.000748951467945
3 16 0.000149790293589
3 17 0.000599161174356
3 18 0.000149790293589
3 19 0.0
3 20 0.977231875374
3 21 0.0
3 22 0.000149790293589
3 23 0.0
3 24 0.0
3 25 0.0
3 26 0.0
3 27 0.0
3 28 0.000149790293589
3 29 0.0
3 30 0.0
3 31 0.0
3 32 0.0
3 33 0.0
3 34 0.000748951467945
3 35 0.000449370880767
3 36 0.000299580587178
3 37 0.000149790293589
3 38 0.0
3 39 0.0
3 40 0.00194727381666
3 41 0.00284601557819
3 42 0.000599161174356
3 43 0.0
3 44 0.00194727381666
3 45 0.0
3 46 0.000299580587178
3 47 0.000299580587178
3 48 0.000149790293589
3 49 0.0
3 50 0.0
3 51 0.0
3 52 0.0
3 53 0.0
3 54 0.0
3 55 0.0
3 56 0.00344517675255
3 57 0.0
3 58 0.0
3 59 0.0
3 60 0.0
3 61 0.000149790293589
3 62 0.00224685440383
3 63 0.000599161174356
3 64 0.0
3 65 0.0
3 66 0.0
3 67 0.0
3 68 0.0
4 0 0.000149042402564
4 1 0.000372606006409
4 2 7.45212012818e-05
4 3 0.0
4 4 0.0
4 5 0.0
4 6 0.189730978463
4 7 7.45212012818e-05
4 8 0.0
4 9 0.0
4 10 0.0
4 11 0.0
4 12 0.0
4 13 0.0
4 14 0.0
4 15 0.000149042402564
4 16 0.000596169610254
4 17 0.000521648408972
4 18 0.00119233922051
4 19 7.45212012818e-05
4 20 0.00312989045383
4 21 0.0642372755049
4 22 0.280944928832
4 23 0.0459050599896
4 24 0.00260824204486
4 25 0.000968775616663
4 26 0.000149042402564
4 27 0.0143080706461
4 28 0.0171398762948
4 29 0.00260824204486
4 30 0.000596169610254
4 31 0.000223563603845
4 32 0.000149042402564
4 33 7.45212012818e-05
4 34 0.135628586333
4 35 0.00588717490126
4 36 0.000745212012818
4 37 0.0558909009613
4 38 0.0413592667114
4 39 0.00849541694612
4 40 0.00111781801923
4 41 0.00506744168716
4 42 0.0619271182651
4 43 0.00283180564871
4 44 0.00730307772561
4 45 0.0
4 46 7.45212012818e-05
4 47 0.0
4 48 0.0
4 49 0.0
4 50 0.0
4 51 0.0
4 52 0.00260824204486
4 53 0.00536552649229
4 54 0.0061107385051
4 55 0.0
4 56 0.0133392950294
4 57 0.0
4 58 0.0
4 59 0.0
4 60 0.0
4 61 0.0016394664282
4 62 0.00208659363589
4 63 0.00126686042179
4 64 0.00335345405768
4 65 0.000521648408972
4 66 0.00603621730382
4 67 0.00536552649229
4 68 0.0
5 0 0.0
5 1 0.000535045478866
5 2 0.0
5 3 0.0
5 4 0.0
5 5 0.000535045478866
5 6 0.00695559122525
5 7 0.00107009095773
5 8 0.0
5 9 0.000535045478866
5 10 0.0
5 11 0.0
5 12 0.0
5 13 0.0
5 14 0.0
5 15 0.0
5 16 0.0
5 17 0.0
5 18 0.0
5 19 0.0
5 20 0.0
5 21 0.0
5 22 0.000535045478866
5 23 0.0
5 24 0.0
5 25 0.0
5 26 0.0
5 27 0.0
5 28 0.0
5 29 0.0
5 30 0.970572498662
5 31 0.0
5 32 0.0
5 33 0.0
5 34 0.00267522739433
5 35 0.0
5 36 0.0
5 37 0.000535045478866
5 38 0.0
5 39 0.0
5 40 0.0
5 41 0.00802568218299
5 42 0.000535045478866
5 43 0.0
5 44 0.0
5 45 0.0
5 46 0.0
5 47 0.0
5 48 0.0
5 49 0.0
5 50 0.0
5 51 0.0
5 52 0.0
5 53 0.0
5 54 0.00428036383093
5 55 0.0
5 56 0.0
5 57 0.0
5 58 0.0
5 59 0.0
5 60 0.0
5 61 0.0
5 62 0.00107009095773
5 63 0.0
5 64 0.000535045478866
5 65 0.0
5 66 0.0016051364366
5 67 0.0
5 68 0.0
6 0 0.0
6 1 0.0
6 2 0.000270197243988
6 3 0.0
6 4 0.0
6 5 0.0
6 6 0.00378276141583
6 7 0.000270197243988
6 8 0.0
6 9 0.0
6 10 0.0
6 11 0.0
6 12 0.0
6 13 0.0
6 14 0.0
6 15 0.0
6 16 0.0
6 17 0.0
6 18 0.0
6 19 0.0
6 20 0.0
6 21 0.0
6 22 0.0
6 23 0.0
6 24 0.0
6 25 0.0
6 26 0.0
6 27 0.0
6 28 0.0
6 29 0.0
6 30 0.0
6 31 0.760605241827
6 32 0.000540394487976
6 33 0.0
6 34 0.000810591731964
6 35 0.0
6 36 0.000270197243988
6 37 0.0
6 38 0.0
6 39 0.0
6 40 0.175358011348
6 41 0.00162118346393
6 42 0.0
6 43 0.0
6 44 0.00270197243988
6 45 0.04539313699
6 46 0.0
6 47 0.000270197243988
6 48 0.0
6 49 0.0
6 50 0.0
6 51 0.0
6 52 0.0
6 53 0.0
6 54 0.000270197243988
6 55 0.0
6 56 0.0
6 57 0.0
6 58 0.0
6 59 0.0
6 60 0.0
6 61 0.000810591731964
6 62 0.00378276141583
6 63 0.000810591731964
6 64 0.0
6 65 0.0
6 66 0.000540394487976
6 67 0.0
6 68 0.00189138070792
7 0 0.0
7 1 0.0
7 2 0.0
7 3 0.000587544065805
7 4 0.00293772032902
7 5 0.000587544065805
7 6 0.0105757931845
7 7 0.0
7 8 0.0
7 9 0.0
7 10 0.00235017626322
7 11 0.000587544065805
7 12 0.0
7 13 0.0
7 14 0.0
7 15 0.0
7 16 0.0
7 17 0.0
7 18 0.0
7 19 0.00293772032902
7 20 0.0
7 21 0.0
7 22 0.00235017626322
7 23 0.0
7 24 0.0
7 25 0.0
7 26 0.0
7 27 0.0
7 28 0.00117508813161
7 29 0.0
7 30 0.00293772032902
7 31 0.000587544065805
7 32 0.921269095182
7 33 0.0
7 34 0.00293772032902
7 35 0.00235017626322
7 36 0.00176263219741
7 37 0.00117508813161
7 38 0.000587544065805
7 39 0.0
7 40 0.0
7 41 0.00881316098707
7 42 0.00352526439483
7 43 0.000587544065805
7 44 0.00117508813161
7 45 0.0
7 46 0.0
7 47 0.000587544065805
7 48 0.000587544065805
7 49 0.0
7 50 0.0
7 51 0.0
7 52 0.0
7 53 0.00176263219741
7 54 0.00411280846063
7 55 0.00528789659224
7 56 0.00176263219741
7 57 0.00528789659224
7 58 0.0
7 59 0.000587544065805
7 60 0.0
7 61 0.0
7 62 0.00176263219741
7 63 0.0
7 64 0.0
7 65 0.000587544065805
7 66 0.00293772032902
7 67 0.00293772032902
7 68 0.0
8 0 0.0
8 1 0.000588019110621
8 2 0.000220507166483
8 3 7.35023888276e-05
8 4 7.35023888276e-05
8 5 7.35023888276e-05
8 6 0.0876148474825
8 7 0.0
8 8 0.0
8 9 0.0
8 10 0.0
8 11 0.0
8 12 0.0
8 13 0.0
8 14 0.0
8 15 0.00940830576994
8 16 0.0439544285189
8 17 0.0117603822124
8 18 0.000588019110621
8 19 7.35023888276e-05
8 20 0.00205806688717
8 21 7.35023888276e-05
8 22 0.000441014332966
8 23 0.0
8 24 0.0
8 25 0.000220507166483
8 26 0.0
8 27 0.0
8 28 0.000735023888276
8 29 0.000294009555311
8 30 0.000808526277104
8 31 0.000147004777655
8 32 0.000220507166483
8 33 0.0
8 34 0.256670341786
8 35 0.199632488056
8 36 0.0213891951488
8 37 0.214700477766
8 38 0.07335538405
8 39 0.0055861815509
8 40 0.000220507166483
8 41 0.00308710033076
8 42 0.00654171260566
8 43 0.00264608599779
8 44 0.00492466005145
8 45 7.35023888276e-05
8 46 7.35023888276e-05
8 47 0.0
8 48 0.0
8 49 0.0
8 50 0.0
8 51 0.000220507166483
8 52 0.000661521499449
8 53 0.00455714810731
8 54 0.00654171260566
8 55 0.00911429621463
8 56 0.00962881293642
8 57 0.0
8 58 0.0
8 59 7.35023888276e-05
8 60 0.0
8 61 0.000514516721793
8 62 0.000441014332966
8 63 0.0
8 64 0.000735023888276
8 65 0.000367511944138
8 66 0.00940830576994
8 67 0.00830576993752
8 68 0.00110253583241
9 0 0.0
9 1 0.0
9 2 0.0
9 3 0.0
9 4 0.0
9 5 0.0
9 6 0.0030959752322
9 7 0.0
9 8 0.0
9 9 0.0
9 10 0.0
9 11 0.0
9 12 0.0
9 13 0.0
9 14 0.0
9 15 0.0
9 16 0.0
9 17 0.0
9 18 0.0
9 19 0.0015479876161
9 20 0.0
9 21 0.0
9 22 0.0
9 23 0.0
9 24 0.0
9 25 0.0
9 26 0.0
9 27 0.0
9 28 0.0
9 29 0.0
9 30 0.0
9 31 0.0
9 32 0.0201238390093
9 33 0.0
9 34 0.0
9 35 0.0
9 36 0.0
9 37 0.0
9 38 0.0
9 39 0.0
9 40 0.730650154799
9 41 0.0
9 42 0.0
9 43 0.0
9 44 0.0015479876161
9 45 0.0
9 46 0.0
9 47 0.0
9 48 0.0
9 49 0.0
9 50 0.0
9 51 0.0
9 52 0.0
9 53 0.0
9 54 0.0
9 55 0.0
9 56 0.0
9 57 0.0
9 58 0.0
9 59 0.0
9 60 0.0
9 61 0.0015479876161
9 62 0.0
9 63 0.0015479876161
9 64 0.0
9 65 0.0
9 66 0.229102167183
9 67 0.0
9 68 0.0108359133127
10 0 0.000282725473565
10 1 0.0
10 2 0.0
10 3 0.0
10 4 0.000282725473565
10 5 0.0
10 6 0.00113090189426
10 7 0.0
10 8 0.0
10 9 0.0
10 10 0.0
10 11 0.0
10 12 0.0
10 13 0.0
10 14 0.0
10 15 0.0
10 16 0.000282725473565
10 17 0.0
10 18 0.0
10 19 0.0
10 20 0.0
10 21 0.0
10 22 0.0
10 23 0.0
10 24 0.0
10 25 0.0
10 26 0.0
10 27 0.0
10 28 0.0
10 29 0.0
10 30 0.0
10 31 0.0
10 32 0.0
10 33 0.0
10 34 0.0
10 35 0.0
10 36 0.0
10 37 0.0
10 38 0.0
10 39 0.0
10 40 0.0
10 41 0.992931863161
10 42 0.0
10 43 0.0
10 44 0.000282725473565
10 45 0.000282725473565
10 46 0.0
10 47 0.000282725473565
10 48 0.0
10 49 0.0
10 50 0.0
10 51 0.0
10 52 0.0
10 53 0.0
10 54 0.0
10 55 0.0
10 56 0.0
10 57 0.0
10 58 0.0
10 59 0.0
10 60 0.0
10 61 0.00141362736783
10 62 0.00254452926209
10 63 0.0
10 64 0.0
10 65 0.0
10 66 0.000282725473565
10 67 0.0
10 68 0.0
11 0 0.000101791530945
11 1 0.000101791530945
11 2 0.0
11 3 0.000101791530945
11 4 0.000610749185668
11 5 0.000203583061889
11 6 0.101995114007
11 7 0.000610749185668
11 8 0.000203583061889
11 9 0.0
11 10 0.000305374592834
11 11 0.0
11 12 0.0
11 13 0.0
11 14 0.0
11 15 0.0
11 16 0.0
11 17 0.000407166123779
11 18 0.000305374592834
11 19 0.0
11 20 0.0
11 21 0.000203583061889
11 22 0.00173045602606
11 23 0.000814332247557
11 24 0.0
11 25 0.0
11 26 0.0
11 27 0.0
11 28 0.000203583061889
11 29 0.000203583061889
11 30 0.0
11 31 0.000203583061889
11 32 0.0
11 33 0.0
11 34 0.000916123778502
11 35 0.00173045602606
11 36 0.00234120521173
11 37 0.0
11 38 0.0
11 39 0.0
11 40 0.0
11 41 0.00325732899023
11 42 0.872658794788
11 43 0.0
11 44 0.0
11 45 0.0
11 46 0.0
11 47 0.000101791530945
11 48 0.000508957654723
11 49 0.0
11 50 0.0
11 51 0.0
11 52 0.00295195439739
11 53 0.000305374592834
11 54 0.00193403908795
11 55 0.0
11 56 0.000101791530945
11 57 0.0
11 58 0.0
11 59 0.0
11 60 0.0
11 61 0.00193403908795
11 62 0.00173045602606
11 63 0.000916123778502
11 64 0.0
11 65 0.0
11 66 0.000305374592834
11 67 0.0
11 68 0.0
12 0 0.0
12 1 0.000146584579302
12 2 0.0
12 3 0.0
12 4 0.00161243037232
12 5 0.000293169158605
12 6 0.00498387569628
12 7 0.0
12 8 0.0
12 9 0.0
12 10 0.000146584579302
12 11 0.000146584579302
12 12 0.0
12 13 0.0
12 14 0.0
12 15 0.0
12 16 0.0
12 17 0.000146584579302
12 18 0.000293169158605
12 19 0.0
12 20 0.0
12 21 0.0
12 22 0.00102609205512
12 23 0.0
12 24 0.0
12 25 0.0
12 26 0.0
12 27 0.0
12 28 0.000293169158605
12 29 0.0
12 30 0.000146584579302
12 31 0.0
12 32 0.0
12 33 0.0
12 34 0.000293169158605
12 35 0.000146584579302
12 36 0.000439753737907
12 37 0.0
12 38 0.000586338317209
12 39 0.0
12 40 0.0
12 41 0.00366461448256
12 42 0.0
12 43 0.97698622105
12 44 0.0
12 45 0.0
12 46 0.0
12 47 0.0
12 48 0.0
12 49 0.0
12 50 0.0
12 51 0.0
12 52 0.0
12 53 0.000146584579302
12 54 0.000293169158605
12 55 0.0
12 56 0.0
12 57 0.0
12 58 0.0
12 59 0.0
12 60 0.0
12 61 0.00190559953093
12 62 0.00263852242744
12 63 0.000439753737907
12 64 0.0
12 65 0.0
12 66 0.00322486074465
12 67 0.0
12 68 0.0
13 0 0.0
13 1 0.000770362070173
13 2 0.0
13 3 0.000140065830941
13 4 0.00147069122488
13 5 7.00329154703e-05
13 6 0.00462217242104
13 7 0.000350164577351
13 8 0.000210098746411
13 9 7.00329154703e-05
13 10 0.000140065830941
13 11 0.0
13 12 0.0
13 13 0.0
13 14 0.0
13 15 0.000210098746411
13 16 0.0
13 17 0.000560263323762
13 18 0.0
13 19 0.0
13 20 0.000210098746411
13 21 0.000350164577351
13 22 0.00147069122488
13 23 0.000630296239232
13 24 0.0
13 25 0.0
13 26 0.0
13 27 7.00329154703e-05
13 28 0.000420197492822
13 29 0.000210098746411
13 30 0.0
13 31 7.00329154703e-05
13 32 0.0
13 33 0.0
13 34 0.0123958260382
13 35 0.000630296239232
13 36 0.00154072414035
13 37 0.000350164577351
13 38 7.00329154703e-05
13 39 0.000140065830941
13 40 0.0
13 41 0.00217102037958
13 42 7.00329154703e-05
13 43 0.0
13 44 0.912038658169
13 45 0.0532950486729
13 46 0.000140065830941
13 47 0.0
13 48 0.000140065830941
13 49 0.0
13 50 0.0
13 51 0.0
13 52 0.0
13 53 0.000140065830941
13 54 0.000280131661881
13 55 0.0
13 56 0.000280131661881
13 57 0.0
13 58 0.0
13 59 0.0
13 60 0.0
13 61 0.000630296239232
13 62 0.00196092163317
13 63 0.000910427901114
13 64 0.0
13 65 0.0
13 66 0.000770362070173
13 67 0.0
13 68 0.0
14 0 0.0212091662604
14 1 0.135381114903
14 2 0.0245408743702
14 3 0.0
14 4 0.0
14 5 0.000162522346823
14 6 0.199252397205
14 7 0.00300666341622
14 8 0.000487567040468
14 9 0.0230781732488
14 10 0.108402405331
14 11 0.0176336746303
14 12 0.000325044693645
14 13 0.0014627011214
14 14 8.12611734113e-05
14 15 0.0
14 16 0.0
14 17 0.0
14 18 0.000406305867057
14 19 0.0
14 20 0.00121891760117
14 21 0.0
14 22 0.0
14 23 0.0
14 24 0.000975134080936
14 25 0.0
14 26 0.0
14 27 0.0
14 28 0.0
14 29 0.0
14 30 0.000812611734113
14 31 0.000243783520234
14 32 0.000568828213879
14 33 0.0
14 34 0.000650089387291
14 35 8.12611734113e-05
14 36 8.12611734113e-05
14 37 0.000731350560702
14 38 0.0
14 39 0.0
14 40 8.12611734113e-05
14 41 0.00276287989599
14 42 0.0028441410694
14 43 0.000975134080936
14 44 0.00105639525435
14 45 0.0
14 46 0.247602795384
14 47 0.15959694458
14 48 0.0279538436535
14 49 0.0
14 50 8.12611734113e-05
14 51 8.12611734113e-05
14 52 0.00178774581505
14 53 0.00227531285552
14 54 0.00121891760117
14 55 0.000162522346823
14 56 0.00300666341622
14 57 0.0
14 58 8.12611734113e-05
14 59 0.000975134080936
14 60 0.000487567040468
14 61 0.000975134080936
14 62 0.00162522346823
14 63 0.000568828213879
14 64 0.000325044693645
14 65 0.00195026816187
14 66 0.000568828213879
14 67 0.000162522346823
14 68 0.0
15 0 0.0
15 1 0.000500876533934
15 2 0.000250438266967
15 3 0.0
15 4 0.000751314800902
15 5 0.000500876533934
15 6 0.0022539444027
15 7 0.0
15 8 0.0
15 9 0.0
15 10 0.0
15 11 0.0
15 12 0.0
15 13 0.0
15 14 0.0
15 15 0.0
15 16 0.0
15 17 0.0
15 18 0.0
15 19 0.000250438266967
15 20 0.0
15 21 0.0
15 22 0.000500876533934
15 23 0.0
15 24 0.0
15 25 0.0
15 26 0.0
15 27 0.0
15 28 0.000250438266967
15 29 0.0
15 30 0.00350613573754
15 31 0.0
15 32 0.0
15 33 0.0
15 34 0.000500876533934
15 35 0.0
15 36 0.0
15 37 0.0
15 38 0.0
15 39 0.0
15 40 0.0
15 41 0.0015026296018
15 42 0.0015026296018
15 43 0.00125219133484
15 44 0.0
15 45 0.0
15 46 0.0
15 47 0.000250438266967
15 48 0.000250438266967
15 49 0.0
15 50 0.0
15 51 0.0
15 52 0.962684698222
15 53 0.000250438266967
15 54 0.0215376909592
15 55 0.0
15 56 0.000250438266967
15 57 0.0
15 58 0.0
15 59 0.0
15 60 0.0
15 61 0.0
15 62 0.00100175306787
15 63 0.0
15 64 0.0
15 65 0.0
15 66 0.000250438266967
15 67 0.0
15 68 0.0
16 0 0.0
16 1 0.0
16 2 0.0
16 3 0.0
16 4 0.0
16 5 0.0
16 6 0.0
16 7 0.0
16 8 0.0
16 9 0.0
16 10 0.0
16 11 0.0
16 12 0.0
16 13 0.0
16 14 0.0
16 15 0.0
16 16 0.0
16 17 0.0
16 18 0.0
16 19 0.0
16 20 0.0
16 21 0.0
16 22 0.0
16 23 0.0
16 24 0.0
16 25 0.0
16 26 0.0
16 27 0.0
16 28 0.0
16 29 0.0
16 30 0.0
16 31 0.0
16 32 0.0
16 33 0.0
16 34 0.0
16 35 0.00327868852459
16 36 0.0
16 37 0.0
16 38 0.0
16 39 0.0
16 40 0.0
16 41 0.990163934426
16 42 0.0
16 43 0.0
16 44 0.0
16 45 0.0
16 46 0.0
16 47 0.0
16 48 0.0
16 49 0.0
16 50 0.0
16 51 0.0
16 52 0.0
16 53 0.0
16 54 0.00655737704918
16 55 0.0
16 56 0.0
16 57 0.0
16 58 0.0
16 59 0.0
16 60 0.0
16 61 0.0
16 62 0.0
16 63 0.0
16 64 0.0
16 65 0.0
16 66 0.0
16 67 0.0
16 68 0.0
17 0 0.0
17 1 0.000669472073451
17 2 0.0
17 3 0.000191277735272
17 4 0.0
17 5 0.000191277735272
17 6 0.00172149961744
17 7 9.56388676358e-05
17 8 0.0
17 9 0.0
17 10 0.00172149961744
17 11 0.000191277735272
17 12 0.0
17 13 0.0
17 14 0.0
17 15 9.56388676358e-05
17 16 0.000382555470543
17 17 0.000382555470543
17 18 0.00114766641163
17 19 0.0
17 20 0.000478194338179
17 21 9.56388676358e-05
17 22 0.00162586074981
17 23 0.000860749808722
17 24 0.0339517980107
17 25 0.00277352716144
17 26 0.000765110941086
17 27 0.0
17 28 0.0
17 29 0.0
17 30 0.000286916602907
17 31 0.000191277735272
17 32 0.0
17 33 0.0
17 34 0.000860749808722
17 35 0.000860749808722
17 36 0.000765110941086
17 37 0.000191277735272
17 38 0.000286916602907
17 39 0.0
17 40 0.0
17 41 0.00219969395562
17 42 0.000478194338179
17 43 0.000478194338179
17 44 0.000669472073451
17 45 0.0
17 46 0.000191277735272
17 47 0.0
17 48 0.0
17 49 0.0
17 50 0.0
17 51 0.0
17 52 0.00124330527927
17 53 0.930757459832
17 54 0.000860749808722
17 55 0.0
17 56 0.00411247130834
17 57 0.0
17 58 0.000191277735272
17 59 0.00573833205815
17 60 0.000286916602907
17 61 0.0
17 62 0.0013389441469
17 63 0.0
17 64 0.000382555470543
17 65 9.56388676358e-05
17 66 0.0
17 67 0.000191277735272
17 68 0.0
18 0 0.0
18 1 8.75656742557e-05
18 2 0.0
18 3 0.0
18 4 0.000350262697023
18 5 8.75656742557e-05
18 6 0.00866900175131
18 7 0.0
18 8 0.0
18 9 0.0
18 10 0.0
18 11 0.0
18 12 0.0
18 13 0.0
18 14 0.0
18 15 0.0
18 16 0.000175131348511
18 17 0.0
18 18 0.0
18 19 0.0
18 20 0.0
18 21 8.75656742557e-05
18 22 0.000525394045534
18 23 0.000175131348511
18 24 0.0
18 25 0.0
18 26 0.0
18 27 0.0
18 28 8.75656742557e-05
18 29 0.000437828371278
18 30 0.0
18 31 0.0
18 32 0.0
18 33 0.0
18 34 0.000700525394046
18 35 0.000700525394046
18 36 0.000175131348511
18 37 8.75656742557e-05
18 38 0.0
18 39 0.0
18 40 0.0
18 41 0.000525394045534
18 42 0.000175131348511
18 43 8.75656742557e-05
18 44 0.00122591943958
18 45 0.0
18 46 8.75656742557e-05
18 47 0.000788091068301
18 48 0.0
18 49 0.0
18 50 0.0
18 51 0.0
18 52 0.0
18 53 0.0
18 54 0.755604203152
18 55 0.00131348511384
18 56 8.75656742557e-05
18 57 0.0
18 58 0.0
18 59 0.0
18 60 0.0
18 61 0.000350262697023
18 62 0.00665499124343
18 63 0.000525394045534
18 64 0.0
18 65 0.0
18 66 0.0
18 67 0.219264448336
18 68 0.000963222416813
19 0 9.65717044906e-05
19 1 0.0
19 2 0.0
19 3 0.0
19 4 0.000386286817962
19 5 0.000676001931434
19 6 0.00579430226944
19 7 0.0
19 8 0.0
19 9 0.0
19 10 0.000193143408981
19 11 0.0
19 12 0.0
19 13 0.0
19 14 0.0
19 15 0.0
19 16 9.65717044906e-05
19 17 0.000676001931434
19 18 0.0
19 19 0.00463544181555
19 20 0.000289715113472
19 21 0.0
19 22 0.000482858522453
19 23 0.000579430226944
19 24 0.0
19 25 0.0
19 26 0.0
19 27 0.00173829068083
19 28 0.00772573635925
19 29 0.0105263157895
19 30 9.65717044906e-05
19 31 0.0
19 32 0.0
19 33 0.0
19 34 0.00241429261226
19 35 0.0010622887494
19 36 0.000676001931434
19 37 0.0
19 38 0.000386286817962
19 39 0.0
19 40 0.0
19 41 0.00144857556736
19 42 0.000289715113472
19 43 0.0
19 44 0.0020280057943
19 45 0.0
19 46 0.000193143408981
19 47 9.65717044906e-05
19 48 0.0
19 49 0.0
19 50 0.0
19 51 0.0
19 52 0.000193143408981
19 53 0.00115886045389
19 54 0.00801545147272
19 55 0.00222114920328
19 56 0.934427812651
19 57 0.00193143408981
19 58 0.0
19 59 0.0
19 60 0.0
19 61 0.00173829068083
19 62 0.00647030420087
19 63 0.000965717044906
19 64 0.0
19 65 0.0
19 66 0.000289715113472
19 67 0.0
19 68 0.0
20 0 0.0
20 1 0.0
20 2 0.0
20 3 0.0
20 4 0.0
20 5 0.0
20 6 0.169867947179
20 7 0.228491396559
20 8 0.0292116846739
20 9 0.0
20 10 0.00120048019208
20 11 0.000200080032013
20 12 0.0
20 13 0.000600240096038
20 14 0.0
20 15 0.0
20 16 0.0
20 17 0.0
20 18 0.000200080032013
20 19 0.000800320128051
20 20 0.000600240096038
20 21 0.00120048019208
20 22 0.000600240096038
20 23 0.00260104041617
20 24 0.000800320128051
20 25 0.000800320128051
20 26 0.0
20 27 0.0
20 28 0.0
20 29 0.0
20 30 0.000200080032013
20 31 0.000800320128051
20 32 0.0
20 33 0.0
20 34 0.0100040016006
20 35 0.00100040016006
20 36 0.0
20 37 0.0
20 38 0.0
20 39 0.0
20 40 0.0
20 41 0.00240096038415
20 42 0.00280112044818
20 43 0.000800320128051
20 44 0.000200080032013
20 45 0.0
20 46 0.0
20 47 0.0
20 48 0.0
20 49 0.0
20 50 0.0
20 51 0.0
20 52 0.000800320128051
20 53 0.00140056022409
20 54 0.000400160064026
20 55 0.000200080032013
20 56 0.00140056022409
20 57 0.0
20 58 0.00820328131253
20 59 0.0298119247699
20 60 0.00420168067227
20 61 0.0840336134454
20 62 0.158463385354
20 63 0.0242096838735
20 64 0.000200080032013
20 65 0.077631052421
20 66 0.15206082433
20 67 0.00100040016006
20 68 0.000600240096038
21 0 0.0
21 1 0.0
21 2 0.0
21 3 0.0
21 4 0.000910332271279
21 5 0.0
21 6 0.00637232589895
21 7 0.0
21 8 0.00045516613564
21 9 0.0
21 10 0.0
21 11 0.0
21 12 0.0
21 13 0.0
21 14 0.0
21 15 0.0
21 16 0.0
21 17 0.0
21 18 0.0
21 19 0.0
21 20 0.0
21 21 0.0
21 22 0.0022758306782
21 23 0.0
21 24 0.0
21 25 0.0
21 26 0.0
21 27 0.0
21 28 0.00045516613564
21 29 0.0
21 30 0.00318616294948
21 31 0.0
21 32 0.0
21 33 0.0
21 34 0.016385980883
21 35 0.000910332271279
21 36 0.000910332271279
21 37 0.0
21 38 0.00045516613564
21 39 0.0
21 40 0.0
21 41 0.00182066454256
21 42 0.00136549840692
21 43 0.0
21 44 0.00045516613564
21 45 0.0
21 46 0.0
21 47 0.0
21 48 0.0
21 49 0.0
21 50 0.0
21 51 0.0
21 52 0.0
21 53 0.0
21 54 0.0
21 55 0.0
21 56 0.00045516613564
21 57 0.0
21 58 0.0
21 59 0.0
21 60 0.0
21 61 0.0
21 62 0.0
21 63 0.0
21 64 0.963586709149
21 65 0.0
21 66 0.0
21 67 0.0
21 68 0.0
22 0 0.0
22 1 0.00197433366239
22 2 0.0
22 3 0.0
22 4 0.0
22 5 0.00197433366239
22 6 0.000987166831194
22 7 0.0
22 8 0.0
22 9 0.0
22 10 0.0
22 11 0.0
22 12 0.0
22 13 0.00197433366239
22 14 0.0
22 15 0.0
22 16 0.0
22 17 0.0
22 18 0.0
22 19 0.0
22 20 0.0
22 21 0.0
22 22 0.0
22 23 0.0
22 24 0.000987166831194
22 25 0.0
22 26 0.0
22 27 0.0
22 28 0.0
22 29 0.0
22 30 0.105626850938
22 31 0.0
22 32 0.0
22 33 0.0
22 34 0.0
22 35 0.00394866732478
22 36 0.0
22 37 0.0
22 38 0.0
22 39 0.0
22 40 0.0
22 41 0.00394866732478
22 42 0.00197433366239
22 43 0.0
22 44 0.000987166831194
22 45 0.0
22 46 0.00394866732478
22 47 0.0
22 48 0.000987166831194
22 49 0.0
22 50 0.0
22 51 0.0
22 52 0.0
22 53 0.00197433366239
22 54 0.00888450148075
22 55 0.0
22 56 0.0
22 57 0.0
22 58 0.0
22 59 0.0
22 60 0.0
22 61 0.00493583415597
22 62 0.0217176702863
22 63 0.000987166831194
22 64 0.0424481737414
22 65 0.789733464956
22 66 0.0
22 67 0.0
22 68 0.0
23 0 0.0
23 1 0.0
23 2 0.0
23 3 0.0
23 4 0.0
23 5 0.0
23 6 0.0
23 7 0.0
23 8 0.0
23 9 0.0
23 10 0.0
23 11 0.0
23 12 0.0
23 13 0.0
23 14 0.0
23 15 0.0
23 16 0.0
23 17 0.0
23 18 0.0
23 19 0.0
23 20 0.0
23 21 0.00169491525424
23 22 0.0
23 23 0.0
23 24 0.0
23 25 0.0
23 26 0.0
23 27 0.0
23 28 0.0
23 29 0.0
23 30 0.0
23 31 0.0779661016949
23 32 0.0
23 33 0.0
23 34 0.0
23 35 0.0
23 36 0.0
23 37 0.0
23 38 0.0
23 39 0.0
23 40 0.0
23 41 0.677966101695
23 42 0.0
23 43 0.0
23 44 0.0
23 45 0.0
23 46 0.0
23 47 0.0
23 48 0.0
23 49 0.0
23 50 0.0
23 51 0.0
23 52 0.0
23 53 0.0
23 54 0.206779661017
23 55 0.00338983050847
23 56 0.0
23 57 0.0
23 58 0.0
23 59 0.0
23 60 0.0
23 61 0.0
23 62 0.0
23 63 0.0
23 64 0.0
23 65 0.0
23 66 0.0
23 67 0.0305084745763
23 68 0.00169491525424
24 0 0.0
24 1 0.0
24 2 0.0
24 3 0.0
24 4 0.0
24 5 0.0
24 6 0.012151536812
24 7 0.0
24 8 0.0
24 9 0.0
24 10 0.0
24 11 0.0
24 12 0.0
24 13 0.0
24 14 0.0
24 15 0.0100071479628
24 16 0.0746962115797
24 17 0.0278770550393
24 18 0.00035739814153
24 19 0.0
24 20 0.00142959256612
24 21 0.00035739814153
24 22 0.0
24 23 0.0
24 24 0.0
24 25 0.0
24 26 0.0
24 27 0.00107219442459
24 28 0.0035739814153
24 29 0.00035739814153
24 30 0.000714796283059
24 31 0.0
24 32 0.0
24 33 0.0
24 34 0.0385989992852
24 35 0.0811293781272
24 36 0.0096497498213
24 37 0.604002859185
24 38 0.00464617583989
24 39 0.0100071479628
24 40 0.0
24 41 0.00142959256612
24 42 0.000714796283059
24 43 0.00035739814153
24 44 0.0
24 45 0.00035739814153
24 46 0.0
24 47 0.0
24 48 0.0
24 49 0.000714796283059
24 50 0.000714796283059
24 51 0.00178699070765
24 52 0.0
24 53 0.000714796283059
24 54 0.00035739814153
24 55 0.0
24 56 0.00178699070765
24 57 0.0
24 58 0.0
24 59 0.0
24 60 0.0
24 61 0.0
24 62 0.0
24 63 0.0
24 64 0.00035739814153
24 65 0.0
24 66 0.110078627591
24 67 0.0
24 68 0.0
25 0 0.0
25 1 0.0
25 2 0.0
25 3 0.0
25 4 0.0
25 5 0.0
25 6 0.00189633375474
25 7 0.0
25 8 0.0
25 9 0.0
25 10 0.0
25 11 0.0
25 12 0.0
25 13 0.0
25 14 0.0
25 15 0.00126422250316
25 16 0.0
25 17 0.0139064475348
25 18 0.00063211125158
25 19 0.0
25 20 0.0
25 21 0.0
25 22 0.0
25 23 0.0
25 24 0.0
25 25 0.0
25 26 0.0
25 27 0.0
25 28 0.0
25 29 0.0
25 30 0.0
25 31 0.0
25 32 0.0
25 33 0.0
25 34 0.00063211125158
25 35 0.00126422250316
25 36 0.0
25 37 0.0
25 38 0.0
25 39 0.0
25 40 0.0
25 41 0.00063211125158
25 42 0.0
25 43 0.0
25 44 0.0
25 45 0.0
25 46 0.0
25 47 0.0
25 48 0.0
25 49 0.0
25 50 0.0
25 51 0.0
25 52 0.0
25 53 0.0
25 54 0.211757269279
25 55 0.00063211125158
25 56 0.0347661188369
25 57 0.0
25 58 0.0
25 59 0.0
25 60 0.0
25 61 0.00063211125158
25 62 0.00063211125158
25 63 0.0
25 64 0.0
25 65 0.0
25 66 0.0
25 67 0.730720606827
25 68 0.00063211125158
