0 0.011030719962
1 0.0117028426837
2 0.00189775827304
3 0.00399319969952
4 0.0165658482584
5 0.00510022535879
6 0.0183845332701
7 0.00205590479579
8 0.0023721978413
9 0.00122563555134
10 0.00423041948365
11 0.000593049460325
12 3.95366306883e-05
15 0.00122563555134
16 0.00221405131855
17 0.000632586091013
18 0.0624678764876
19 0.00189775827304
20 0.0647214644368
21 0.00585142134187
22 0.0142727236785
23 0.00375597991539
24 0.000158146522753
25 7.90732613767e-05
27 0.000790732613767
28 0.00256988099474
29 0.000553512829637
30 0.0352271379433
31 0.0356620408809
32 0.0437275135413
34 0.0238010516744
35 0.00715613015459
36 0.00292571067094
37 0.000869805875143
38 0.00221405131855
39 0.000672122721702
40 0.0178705570711
41 0.107500098842
42 0.0428972442968
43 0.0874154904519
44 0.0251452971178
46 0.00462578579053
47 0.00312339382438
48 0.000790732613767
52 0.0623888032262
53 0.0506859605424
54 0.0957972561578
55 0.000355829676195
56 0.0418692918989
57 0.000118609892065
61 0.000355829676195
62 0.000276756414818
63 0.000118609892065
64 0.0239196615664
65 0.0179891669632
66 0.0132843079113
67 0.0105958170245
68 0.00023721978413
