0 0 0.0
0 1 0.000595238095238
0 2 0.0
0 3 0.0
0 4 0.0
0 5 0.0
0 6 0.0
0 7 0.0
0 8 0.0
0 9 0.0
0 10 0.0
0 11 0.0
0 12 0.0
0 13 0.0
0 14 0.0
0 15 0.0
0 16 0.0
0 17 0.0
0 18 0.027380952381
0 19 0.00892857142857
0 20 0.0303571428571
0 21 0.0
0 22 0.00119047619048
0 23 0.0
0 24 0.0
0 25 0.0
0 26 0.0
0 27 0.0
0 28 0.0
0 29 0.0
0 30 0.00654761904762
0 31 0.0446428571429
0 32 0.00654761904762
0 33 0.0
0 34 0.0
0 35 0.000595238095238
0 36 0.0
0 37 0.0
0 38 0.00119047619048
0 39 0.000595238095238
0 40 0.00238095238095
0 41 0.0404761904762
0 42 0.129761904762
0 43 0.0755952380952
0 44 0.1375
0 45 0.0178571428571
0 46 0.000595238095238
0 47 0.00416666666667
0 48 0.0
0 49 0.0
0 50 0.0
0 51 0.0
0 52 0.0303571428571
0 53 0.236904761905
0 54 0.064880952381
0 55 0.0
0 56 0.0559523809524
0 57 0.0
0 58 0.0
0 59 0.0
0 60 0.0
0 61 0.0
0 62 0.00119047619048
0 63 0.0
0 64 0.0482142857143
0 65 0.00178571428571
0 66 0.010119047619
0 67 0.0136904761905
0 68 0.0
1 0 0.0
1 1 0.0
1 2 0.0
1 3 0.0
1 4 0.0
1 5 0.0
1 6 0.0
1 7 0.0
1 8 0.0
1 9 0.0
1 10 0.0
1 11 0.0
1 12 0.0
1 13 0.0
1 14 0.0
1 15 0.0
1 16 0.0
1 17 0.0
1 18 0.0284468914889
1 19 0.00298233539803
1 20 0.0426703372333
1 21 0.000458820830466
1 22 0.0
1 23 0.0
1 24 0.0
1 25 0.0
1 26 0.0
1 27 0.000229410415233
1 28 0.0
1 29 0.0
1 30 0.00986464785501
1 31 0.0243175040147
1 32 0.00412938747419
1 33 0.0
1 34 0.000688231245699
1 35 0.0
1 36 0.0
1 37 0.00114705207616
1 38 0.0
1 39 0.0
1 40 0.00848818536362
1 41 0.0394585914201
1 42 0.0997935306263
1 43 0.063087864189
1 44 0.188345950906
1 45 0.013764624914
1 46 0.0
1 47 0.0
1 48 0.0
1 49 0.0
1 50 0.0
1 51 0.0
1 52 0.0309704060564
1 53 0.277357192017
1 54 0.0573526038082
1 55 0.000229410415233
1 56 0.054140857995
1 57 0.0
1 58 0.0
1 59 0.0
1 60 0.0
1 61 0.000229410415233
1 62 0.0
1 63 0.0
1 64 0.0215645790319
1 65 0.00802936453315
1 66 0.00344115622849
1 67 0.0183528332186
1 68 0.000458820830466
2 0 0.0
2 1 0.0
2 2 0.0
2 3 0.0
2 4 0.0
2 5 0.0
2 6 0.0
2 7 0.0
2 8 0.0
2 9 0.0
2 10 0.0
2 11 0.0
2 12 0.0
2 13 0.0
2 14 0.0
2 15 0.0
2 16 0.0
2 17 0.0
2 18 0.0188679245283
2 19 0.0
2 20 0.0188679245283
2 21 0.0
2 22 0.0
2 23 0.0
2 24 0.0
2 25 0.0
2 26 0.0
2 27 0.0
2 28 0.0
2 29 0.0
2 30 0.0062893081761
2 31 0.020964360587
2 32 0.0062893081761
2 33 0.0
2 34 0.0041928721174
2 35 0.0
2 36 0.0
2 37 0.0
2 38 0.0020964360587
2 39 0.0
2 40 0.0104821802935
2 41 0.0901467505241
2 42 0.0670859538784
2 43 0.0649895178197
2 44 0.236897274633
2 45 0.0020964360587
2 46 0.0
2 47 0.0
2 48 0.0
2 49 0.0
2 50 0.0
2 51 0.0
2 52 0.0314465408805
2 53 0.333333333333
2 54 0.0230607966457
2 55 0.0
2 56 0.0272536687631
2 57 0.0
2 58 0.0
2 59 0.0
2 60 0.0
2 61 0.0
2 62 0.0
2 63 0.0
2 64 0.0125786163522
2 65 0.0062893081761
2 66 0.0020964360587
2 67 0.0146750524109
2 68 0.0
3 0 0.0
3 1 0.0
3 2 0.0
3 3 0.0
3 4 0.0
3 5 0.0
3 6 0.0
3 7 0.0
3 8 0.0
3 9 0.0
3 10 0.0
3 11 0.0
3 12 0.0
3 13 0.0
3 14 0.0
3 15 0.0
3 16 0.0
3 17 0.0
3 18 0.0506756756757
3 19 0.0
3 20 0.0371621621622
3 21 0.0
3 22 0.0
3 23 0.0
3 24 0.0
3 25 0.0
3 26 0.0
3 27 0.0
3 28 0.0
3 29 0.0
3 30 0.00675675675676
3 31 0.0641891891892
3 32 0.0
3 33 0.0
3 34 0.0
3 35 0.0
3 36 0.0
3 37 0.0
3 38 0.0
3 39 0.0
3 40 0.0
3 41 0.131756756757
3 42 0.131756756757
3 43 0.0641891891892
3 44 0.341216216216
3 45 0.0405405405405
3 46 0.0
3 47 0.0
3 48 0.0
3 49 0.0
3 50 0.0
3 51 0.0
3 52 0.0101351351351
3 53 0.00337837837838
3 54 0.0641891891892
3 55 0.0
3 56 0.027027027027
3 57 0.0
3 58 0.0
3 59 0.0
3 60 0.0
3 61 0.0
3 62 0.0
3 63 0.0
3 64 0.0135135135135
3 65 0.0
3 66 0.0
3 67 0.0135135135135
3 68 0.0
4 0 0.0
4 1 0.0
4 2 0.0
4 3 0.0
4 4 0.0
4 5 0.0
4 6 0.0
4 7 0.0
4 8 0.0
4 9 0.0
4 10 0.0
4 11 0.0
4 12 0.0
4 13 0.0
4 14 0.0
4 15 0.0
4 16 0.0
4 17 0.0
4 18 0.0312952767314
4 19 0.00202839756592
4 20 0.0417270356418
4 21 0.0
4 22 0.0
4 23 0.0
4 24 0.0
4 25 0.0
4 26 0.0
4 27 0.0
4 28 0.0
4 29 0.0
4 30 0.0170964937699
4 31 0.0388293248334
4 32 0.00463633729354
4 33 0.0
4 34 0.0
4 35 0.0
4 36 0.0
4 37 0.0
4 38 0.0
4 39 0.0
4 40 0.00695450594031
4 41 0.07534048102
4 42 0.0996812518111
4 43 0.0982323964068
4 44 0.305418719212
4 45 0.056505360765
4 46 0.0
4 47 0.0
4 48 0.0
4 49 0.0
4 50 0.0
4 51 0.0
4 52 0.0266589394378
4 53 0.018835120255
4 54 0.0756302521008
4 55 0.000579542161692
4 56 0.0623007823819
4 57 0.000289771080846
4 58 0.0
4 59 0.0
4 60 0.0
4 61 0.0
4 62 0.0
4 63 0.0
4 64 0.0252100840336
4 65 0.000579542161692
4 66 0.0
4 67 0.011301072153
4 68 0.000869313242538
5 0 0.0
5 1 0.0
5 2 0.0
5 3 0.0
5 4 0.0
5 5 0.0
5 6 0.0
5 7 0.0
5 8 0.0
5 9 0.0
5 10 0.0
5 11 0.0
5 12 0.0
5 13 0.0
5 14 0.0
5 15 0.0
5 16 0.0
5 17 0.0
5 18 0.0270758122744
5 19 0.00180505415162
5 20 0.014440433213
5 21 0.0
5 22 0.0
5 23 0.0
5 24 0.0
5 25 0.0
5 26 0.0
5 27 0.0
5 28 0.0
5 29 0.0
5 30 0.0361010830325
5 31 0.0342960288809
5 32 0.0
5 33 0.0
5 34 0.0
5 35 0.0
5 36 0.0
5 37 0.0
5 38 0.0
5 39 0.0
5 40 0.00541516245487
5 41 0.111913357401
5 42 0.120938628159
5 43 0.0703971119134
5 44 0.323104693141
5 45 0.0523465703971
5 46 0.0
5 47 0.0
5 48 0.0
5 49 0.0
5 50 0.0
5 51 0.0
5 52 0.0252707581227
5 53 0.0180505415162
5 54 0.0631768953069
5 55 0.0
5 56 0.0649819494585
5 57 0.0
5 58 0.0
5 59 0.0
5 60 0.0
5 61 0.0
5 62 0.0
5 63 0.0
5 64 0.014440433213
5 65 0.0
5 66 0.0
5 67 0.0162454873646
5 68 0.0
6 0 0.0
6 1 0.000128766417718
6 2 0.0
6 3 0.0
6 4 0.0
6 5 0.0
6 6 0.0
6 7 0.0
6 8 0.0
6 9 0.0
6 10 0.000128766417718
6 11 0.0
6 12 0.0
6 13 0.0
6 14 0.0
6 15 0.0
6 16 0.0
6 17 0.0
6 18 0.0704352304919
6 19 0.00270409477208
6 20 0.0348956992016
6 21 0.0
6 22 0.0
6 23 0.0
6 24 0.0
6 25 0.0
6 26 0.0
6 27 0.0
6 28 0.0
6 29 0.0
6 30 0.0168684007211
6 31 0.0221478238475
6 32 0.0122328096832
6 33 0.0
6 34 0.0
6 35 0.0
6 36 0.0
6 37 0.0
6 38 0.0
6 39 0.0
6 40 0.0209889260881
6 41 0.0813803759979
6 42 0.18284831316
6 43 0.0775173834664
6 44 0.250193149627
6 45 0.00257532835437
6 46 0.0
6 47 0.0
6 48 0.0
6 49 0.0
6 50 0.0
6 51 0.0
6 52 0.0254957507082
6 53 0.00502189029101
6 54 0.0638681431883
6 55 0.0
6 56 0.0889775946433
6 57 0.000515065670873
6 58 0.0
6 59 0.0
6 60 0.0
6 61 0.0
6 62 0.0
6 63 0.0
6 64 0.0202163275818
6 65 0.00798351789853
6 66 0.00167396343034
6 67 0.0110739119238
6 68 0.000128766417718
7 0 0.0
7 1 0.0
7 2 0.0
7 3 0.0
7 4 0.0
7 5 0.0
7 6 0.0
7 7 0.0
7 8 0.0
7 9 0.0
7 10 0.0
7 11 0.0
7 12 0.0
7 13 0.0
7 14 0.0
7 15 0.0
7 16 0.0
7 17 0.0
7 18 0.0493482309125
7 19 0.0
7 20 0.0437616387337
7 21 0.0
7 22 0.0
7 23 0.0
7 24 0.0
7 25 0.0
7 26 0.0
7 27 0.0
7 28 0.0
7 29 0.0
7 30 0.0139664804469
7 31 0.0316573556797
7 32 0.00186219739292
7 33 0.0
7 34 0.0
7 35 0.0
7 36 0.0
7 37 0.0
7 38 0.0
7 39 0.0
7 40 0.000931098696462
7 41 0.0474860335196
7 42 0.114525139665
7 43 0.145251396648
7 44 0.201117318436
7 45 0.0800744878957
7 46 0.0
7 47 0.0
7 48 0.0
7 49 0.0
7 50 0.0
7 51 0.0
7 52 0.0325884543762
7 53 0.0
7 54 0.158286778399
7 55 0.0
7 56 0.0502793296089
7 57 0.0
7 58 0.0
7 59 0.0
7 60 0.0
7 61 0.0
7 62 0.0
7 63 0.0
7 64 0.0158286778399
7 65 0.0
7 66 0.0
7 67 0.0130353817505
7 68 0.0
8 0 0.0
8 1 0.0
8 2 0.0
8 3 0.0
8 4 0.0
8 5 0.0
8 6 0.0
8 7 0.0
8 8 0.0
8 9 0.0
8 10 0.0
8 11 0.0
8 12 0.0
8 13 0.0
8 14 0.0
8 15 0.0
8 16 0.0
8 17 0.0
8 18 0.0526315789474
8 19 0.0
8 20 0.00751879699248
8 21 0.0
8 22 0.0
8 23 0.0
8 24 0.0
8 25 0.0
8 26 0.0
8 27 0.0
8 28 0.0
8 29 0.0
8 30 0.0
8 31 0.00751879699248
8 32 0.0
8 33 0.0
8 34 0.0
8 35 0.0
8 36 0.0
8 37 0.0
8 38 0.0
8 39 0.0
8 40 0.0
8 41 0.0827067669173
8 42 0.142857142857
8 43 0.015037593985
8 44 0.518796992481
8 45 0.00751879699248
8 46 0.0
8 47 0.0
8 48 0.0
8 49 0.0
8 50 0.0
8 51 0.0
8 52 0.0375939849624
8 53 0.0
8 54 0.0827067669173
8 55 0.0
8 56 0.0375939849624
8 57 0.0
8 58 0.0
8 59 0.0
8 60 0.0
8 61 0.0
8 62 0.0
8 63 0.0
8 64 0.00751879699248
8 65 0.0
8 66 0.0
8 67 0.0
8 68 0.0
9 0 0.0
9 1 0.0
9 2 0.0
9 3 0.0
9 4 0.0
9 5 0.0
9 6 0.0
9 7 0.0
9 8 0.0
9 9 0.0
9 10 0.0
9 11 0.0
9 12 0.0
9 13 0.0
9 14 0.0
9 15 0.0
9 16 0.0
9 17 0.0
9 18 0.0
9 19 0.0
9 20 0.00396825396825
9 21 0.0
9 22 0.0
9 23 0.0
9 24 0.0
9 25 0.0
9 26 0.0
9 27 0.0
9 28 0.0
9 29 0.0
9 30 0.00793650793651
9 31 0.00396825396825
9 32 0.0
9 33 0.0
9 34 0.0
9 35 0.00396825396825
9 36 0.0
9 37 0.0
9 38 0.0
9 39 0.0
9 40 0.0
9 41 0.0
9 42 0.0515873015873
9 43 0.00793650793651
9 44 0.0238095238095
9 45 0.0
9 46 0.0
9 47 0.0
9 48 0.0
9 49 0.0
9 50 0.0
9 51 0.0
9 52 0.015873015873
9 53 0.849206349206
9 54 0.0119047619048
9 55 0.0
9 56 0.00793650793651
9 57 0.0
9 58 0.0
9 59 0.0
9 60 0.0
9 61 0.0
9 62 0.0
9 63 0.0
9 64 0.00396825396825
9 65 0.00396825396825
9 66 0.0
9 67 0.00396825396825
9 68 0.0
10 0 0.0
10 1 0.0
10 2 0.0
10 3 0.0
10 4 0.0
10 5 0.0
10 6 0.0
10 7 0.0
10 8 0.0
10 9 0.0
10 10 0.0
10 11 0.0
10 12 0.0
10 13 0.0
10 14 0.0
10 15 0.0
10 16 0.0
10 17 0.0
10 18 0.00340136054422
10 19 0.0
10 20 0.00680272108844
10 21 0.0
10 22 0.0
10 23 0.0
10 24 0.0
10 25 0.0
10 26 0.0
10 27 0.0
10 28 0.0
10 29 0.0
10 30 0.0727891156463
10 31 0.0047619047619
10 32 0.0
10 33 0.0
10 34 0.0
10 35 0.0
10 36 0.0
10 37 0.0
10 38 0.0
10 39 0.0
10 40 0.00272108843537
10 41 0.0102040816327
10 42 0.0863945578231
10 43 0.00340136054422
10 44 0.0183673469388
10 45 0.0047619047619
10 46 0.0
10 47 0.0
10 48 0.0
10 49 0.0
10 50 0.0
10 51 0.0
10 52 0.00544217687075
10 53 0.728571428571
10 54 0.034693877551
10 55 0.0
10 56 0.0102040816327
10 57 0.000680272108844
10 58 0.0
10 59 0.0
10 60 0.0
10 61 0.0
10 62 0.0
10 63 0.0
10 64 0.00204081632653
10 65 0.000680272108844
10 66 0.0
10 67 0.00408163265306
10 68 0.0
11 0 0.0
11 1 0.0
11 2 0.0
11 3 0.0
11 4 0.0
11 5 0.0
11 6 0.0
11 7 0.0
11 8 0.0
11 9 0.0
11 10 0.0
11 11 0.0
11 12 0.0
11 13 0.0
11 14 0.0
11 15 0.0
11 16 0.0
11 17 0.0
11 18 0.00578034682081
11 19 0.0
11 20 0.0115606936416
11 21 0.0
11 22 0.0
11 23 0.0
11 24 0.0
11 25 0.0
11 26 0.0
11 27 0.0
11 28 0.0
11 29 0.0
11 30 0.0173410404624
11 31 0.0
11 32 0.0
11 33 0.0
11 34 0.0
11 35 0.0
11 36 0.0
11 37 0.0
11 38 0.0
11 39 0.0
11 40 0.00578034682081
11 41 0.0173410404624
11 42 0.0924855491329
11 43 0.0
11 44 0.0115606936416
11 45 0.00578034682081
11 46 0.0
11 47 0.0
11 48 0.0
11 49 0.0
11 50 0.0
11 51 0.0
11 52 0.00578034682081
11 53 0.751445086705
11 54 0.0635838150289
11 55 0.0
11 56 0.00578034682081
11 57 0.0
11 58 0.0
11 59 0.0
11 60 0.0
11 61 0.0
11 62 0.0
11 63 0.0
11 64 0.0
11 65 0.0
11 66 0.0
11 67 0.00578034682081
11 68 0.0
12 0 0.0
12 1 0.5
12 2 0.0
12 3 0.0
12 4 0.0
12 5 0.0
12 6 0.0
12 7 0.0
12 8 0.0
12 9 0.0
12 10 0.0
12 11 0.0
12 12 0.0
12 13 0.0
12 14 0.0
12 15 0.0
12 16 0.0
12 17 0.0
12 18 0.0
12 19 0.0
12 20 0.0
12 21 0.0
12 22 0.0
12 23 0.0
12 24 0.0
12 25 0.0
12 26 0.0
12 27 0.0
12 28 0.0
12 29 0.0
12 30 0.0
12 31 0.0
12 32 0.0
12 33 0.0
12 34 0.0
12 35 0.25
12 36 0.0
12 37 0.0
12 38 0.0
12 39 0.0
12 40 0.0
12 41 0.0
12 42 0.0
12 43 0.0
12 44 0.0
12 45 0.0
12 46 0.0
12 47 0.0
12 48 0.0
12 49 0.0
12 50 0.0
12 51 0.0
12 52 0.0
12 53 0.0
12 54 0.0
12 55 0.0
12 56 0.25
12 57 0.0
12 58 0.0
12 59 0.0
12 60 0.0
12 61 0.0
12 62 0.0
12 63 0.0
12 64 0.0
12 65 0.0
12 66 0.0
12 67 0.0
12 68 0.0
13 0 0.0
13 1 0.0
13 2 0.0
13 3 0.0
13 4 0.0
13 5 0.0
13 6 0.0454545454545
13 7 0.0
13 8 0.0
13 9 0.0
13 10 0.0
13 11 0.0
13 12 0.0
13 13 0.0
13 14 0.0
13 15 0.0
13 16 0.0
13 17 0.0
13 18 0.0
13 19 0.0
13 20 0.0
13 21 0.0
13 22 0.0
13 23 0.0
13 24 0.0454545454545
13 25 0.0
13 26 0.0
13 27 0.0
13 28 0.0
13 29 0.0
13 30 0.0
13 31 0.0
13 32 0.0
13 33 0.0
13 34 0.0454545454545
13 35 0.0
13 36 0.0
13 37 0.0
13 38 0.0
13 39 0.0
13 40 0.0
13 41 0.0
13 42 0.0909090909091
13 43 0.0
13 44 0.0909090909091
13 45 0.0
13 46 0.0
13 47 0.0
13 48 0.0
13 49 0.0
13 50 0.0
13 51 0.0
13 52 0.0
13 53 0.0
13 54 0.636363636364
13 55 0.0
13 56 0.0
13 57 0.0
13 58 0.0
13 59 0.0
13 60 0.0
13 61 0.0
13 62 0.0
13 63 0.0
13 64 0.0
13 65 0.0454545454545
13 66 0.0
13 67 0.0
13 68 0.0
14 0 0.0
14 1 0.0
14 2 0.0
14 3 0.0
14 4 0.0
14 5 0.0
14 6 0.0
14 7 0.0
14 8 0.0
14 9 0.0
14 10 0.0
14 11 0.0
14 12 0.0
14 13 0.0
14 14 0.0
14 15 0.0
14 16 0.0
14 17 0.0
14 18 0.0
14 19 0.0
14 20 0.0
14 21 0.0
14 22 0.0
14 23 0.0
14 24 0.0
14 25 0.0
14 26 0.0
14 27 0.0
14 28 0.0
14 29 0.0
14 30 0.0
14 31 0.0
14 32 0.0
14 33 0.0
14 34 0.0
14 35 0.0
14 36 0.0
14 37 0.0
14 38 0.0
14 39 0.0
14 40 0.0
14 41 0.0
14 42 0.0
14 43 0.0
14 44 0.0
14 45 0.0
14 46 0.0
14 47 0.0
14 48 0.0
14 49 0.0
14 50 0.0
14 51 0.0
14 52 0.0
14 53 0.0
14 54 0.0
14 55 0.0
14 56 0.0
14 57 0.0
14 58 0.0
14 59 0.0
14 60 0.0
14 61 0.0
14 62 0.0
14 63 0.0
14 64 0.0
14 65 0.0
14 66 1.0
14 67 0.0
14 68 0.0
15 0 0.0
15 1 0.0828025477707
15 2 0.0
15 3 0.0
15 4 0.0828025477707
15 5 0.0
15 6 0.0445859872611
15 7 0.0
15 8 0.0
15 9 0.0
15 10 0.0127388535032
15 11 0.0
15 12 0.0
15 13 0.0
15 14 0.0
15 15 0.0
15 16 0.0
15 17 0.0
15 18 0.0509554140127
15 19 0.0
15 20 0.133757961783
15 21 0.0
15 22 0.0254777070064
15 23 0.0
15 24 0.0
15 25 0.0
15 26 0.0
15 27 0.0
15 28 0.00636942675159
15 29 0.0
15 30 0.0127388535032
15 31 0.0127388535032
15 32 0.0
15 33 0.0
15 34 0.00636942675159
15 35 0.0127388535032
15 36 0.0
15 37 0.0
15 38 0.0191082802548
15 39 0.0
15 40 0.0382165605096
15 41 0.0445859872611
15 42 0.0445859872611
15 43 0.0509554140127
15 44 0.0509554140127
15 45 0.0
15 46 0.0
15 47 0.0382165605096
15 48 0.0
15 49 0.0
15 50 0.0
15 51 0.0
15 52 0.00636942675159
15 53 0.0573248407643
15 54 0.0254777070064
15 55 0.0
15 56 0.0573248407643
15 57 0.0
15 58 0.0
15 59 0.0
15 60 0.0
15 61 0.0
15 62 0.0
15 63 0.0
15 64 0.0445859872611
15 65 0.0127388535032
15 66 0.0127388535032
15 67 0.0127388535032
15 68 0.0
16 0 0.00256081946223
16 1 0.0
16 2 0.00384122919334
16 3 0.00384122919334
16 4 0.0
16 5 0.00640204865557
16 6 0.157490396927
16 7 0.0
16 8 0.0
16 9 0.0
16 10 0.0
16 11 0.0
16 12 0.0
16 13 0.0
16 14 0.0
16 15 0.0
16 16 0.0
16 17 0.0
16 18 0.0396927016645
16 19 0.0
16 20 0.0985915492958
16 21 0.0
16 22 0.0
16 23 0.0
16 24 0.00256081946223
16 25 0.0
16 26 0.0
16 27 0.0
16 28 0.0
16 29 0.0
16 30 0.0166453265045
16 31 0.0294494238156
16 32 0.00512163892446
16 33 0.0
16 34 0.0089628681178
16 35 0.0
16 36 0.0
16 37 0.00128040973111
16 38 0.0
16 39 0.0
16 40 0.00768245838668
16 41 0.0947503201024
16 42 0.0742637644046
16 43 0.0473751600512
16 44 0.1152368758
16 45 0.0
16 46 0.00768245838668
16 47 0.0
16 48 0.00256081946223
16 49 0.0
16 50 0.0
16 51 0.0
16 52 0.0243277848912
16 53 0.0627400768246
16 54 0.0524967989757
16 55 0.0
16 56 0.0665813060179
16 57 0.0
16 58 0.0
16 59 0.0
16 60 0.0
16 61 0.0
16 62 0.0
16 63 0.0
16 64 0.0294494238156
16 65 0.00128040973111
16 66 0.00128040973111
16 67 0.0358514724712
16 68 0.0
17 0 0.0
17 1 0.00961538461538
17 2 0.0
17 3 0.0
17 4 0.00961538461538
17 5 0.0
17 6 0.1875
17 7 0.0
17 8 0.0
17 9 0.0
17 10 0.00480769230769
17 11 0.0
17 12 0.0
17 13 0.0
17 14 0.0
17 15 0.0
17 16 0.0
17 17 0.0
17 18 0.00480769230769
17 19 0.0
17 20 0.0576923076923
17 21 0.0
17 22 0.0
17 23 0.0
17 24 0.00480769230769
17 25 0.0
17 26 0.0
17 27 0.0
17 28 0.0
17 29 0.0
17 30 0.0
17 31 0.0
17 32 0.0
17 33 0.0
17 34 0.0192307692308
17 35 0.0
17 36 0.0
17 37 0.0
17 38 0.0
17 39 0.0
17 40 0.0
17 41 0.110576923077
17 42 0.0384615384615
17 43 0.0
17 44 0.0576923076923
17 45 0.0
17 46 0.0336538461538
17 47 0.00961538461538
17 48 0.0
17 49 0.0
17 50 0.0
17 51 0.0
17 52 0.00961538461538
17 53 0.0240384615385
17 54 0.0480769230769
17 55 0.0
17 56 0.0480769230769
17 57 0.0
17 58 0.0
17 59 0.0
17 60 0.0
17 61 0.00480769230769
17 62 0.00480769230769
17 63 0.0
17 64 0.00961538461538
17 65 0.0
17 66 0.0
17 67 0.302884615385
17 68 0.0
18 0 0.0292299044407
18 1 0.075042158516
18 2 0.00899381675098
18 3 0.0053400786959
18 4 0.044406970208
18 5 0.0134907251265
18 6 0.18718381113
18 7 0.0241708825183
18 8 0.00140528386734
18 9 0.00224845418775
18 10 0.0210792580101
18 11 0.00309162450815
18 12 0.0
18 13 0.000281056773468
18 14 0.0
18 15 0.00365373805509
18 16 0.0126475548061
18 17 0.0053400786959
18 18 0.0
18 19 0.0
18 20 0.00309162450815
18 21 0.0115233277122
18 22 0.0609893198426
18 23 0.00927487352445
18 24 0.00337268128162
18 25 0.000562113546936
18 26 0.000281056773468
18 27 0.00196739741428
18 28 0.0143338954469
18 29 0.00224845418775
18 30 0.000281056773468
18 31 0.0
18 32 0.00168634064081
18 33 0.0
18 34 0.0432827431141
18 35 0.0435637998876
18 36 0.000562113546936
18 37 0.0252951096121
18 38 0.0165823496346
18 39 0.000562113546936
18 40 0.00196739741428
18 41 0.00674536256324
18 42 0.0609893198426
18 43 0.00224845418775
18 44 0.00140528386734
18 45 0.0
18 46 0.0148960089938
18 47 0.026419336706
18 48 0.00309162450815
18 49 0.0
18 50 0.0
18 51 0.0
18 52 0.00140528386734
18 53 0.134064080944
18 54 0.0188308038224
18 55 0.0
18 56 0.00168634064081
18 57 0.0
18 58 0.000562113546936
18 59 0.00449690837549
18 60 0.000562113546936
18 61 0.00337268128162
18 62 0.0053400786959
18 63 0.00112422709387
18 64 0.000562113546936
18 65 0.00337268128162
18 66 0.0278246205734
18 67 0.00196739741428
18 68 0.0
19 0 0.0
19 1 0.0
19 2 0.0
19 3 0.0
19 4 0.00434782608696
19 5 0.00434782608696
19 6 0.095652173913
19 7 0.0
19 8 0.0
19 9 0.0
19 10 0.0
19 11 0.0
19 12 0.0
19 13 0.0
19 14 0.0
19 15 0.0
19 16 0.0
19 17 0.0
19 18 0.0
19 19 0.0
19 20 0.0
19 21 0.186956521739
19 22 0.173913043478
19 23 0.0391304347826
19 24 0.0260869565217
19 25 0.0
19 26 0.0
19 27 0.0
19 28 0.00869565217391
19 29 0.0
19 30 0.0
19 31 0.0
19 32 0.0
19 33 0.0
19 34 0.0347826086957
19 35 0.0521739130435
19 36 0.0
19 37 0.0913043478261
19 38 0.126086956522
19 39 0.00434782608696
19 40 0.0
19 41 0.00434782608696
19 42 0.0
19 43 0.0
19 44 0.0
19 45 0.0
19 46 0.0
19 47 0.0
19 48 0.0
19 49 0.0
19 50 0.0
19 51 0.0
19 52 0.0
19 53 0.0
19 54 0.0
19 55 0.0
19 56 0.0
19 57 0.0
19 58 0.00434782608696
19 59 0.00869565217391
19 60 0.0
19 61 0.117391304348
19 62 0.00869565217391
19 63 0.00869565217391
19 64 0.0
19 65 0.0
19 66 0.0
19 67 0.0
19 68 0.0
20 0 0.0119493908154
20 1 0.0431115276476
20 2 0.00421743205248
20 3 0.00234301780694
20 4 0.0295220243674
20 5 0.00328022492971
20 6 0.18252108716
20 7 0.0194470477976
20 8 0.00328022492971
20 9 0.00679475164011
20 10 0.02366447985
20 11 0.00257731958763
20 12 0.0
20 13 0.000468603561387
20 14 0.0
20 15 0.00702905342081
20 16 0.0107778819119
20 17 0.0100749765698
20 18 0.00632614807873
20 19 0.0
20 20 0.000234301780694
20 21 0.0133552014995
20 22 0.0630271790066
20 23 0.0112464854733
20 24 0.00445173383318
20 25 0.000468603561387
20 26 0.000468603561387
20 27 0.00421743205248
20 28 0.0135895032802
20 29 0.00210871602624
20 30 0.00257731958763
20 31 0.00117150890347
20 32 0.00468603561387
20 33 0.0
20 34 0.159325210872
20 35 0.0304592314902
20 36 0.0105435801312
20 37 0.0482661668229
20 38 0.026007497657
20 39 0.00445173383318
20 40 0.000702905342081
20 41 0.011480787254
20 42 0.019915651359
20 43 0.0180412371134
20 44 0.00468603561387
20 45 0.0
20 46 0.0140581068416
20 47 0.0227272727273
20 48 0.00234301780694
20 49 0.0
20 50 0.0
20 51 0.0
20 52 0.00140581068416
20 53 0.0663074039363
20 54 0.0156982193065
20 55 0.0
20 56 0.000468603561387
20 57 0.0
20 58 0.000937207122774
20 59 0.00492033739456
20 60 0.0
20 61 0.00538894095595
20 62 0.0173383317713
20 63 0.000937207122774
20 64 0.00679475164011
20 65 0.00913776944705
20 66 0.00515463917526
20 67 0.0035145267104
20 68 0.0
21 0 0.0
21 1 0.0
21 2 0.0
21 3 0.0
21 4 0.0
21 5 0.0
21 6 0.0
21 7 0.0
21 8 0.0
21 9 0.0
21 10 0.0
21 11 0.0
21 12 0.0
21 13 0.0
21 14 0.0
21 15 0.0
21 16 0.0
21 17 0.0
21 18 0.0112359550562
21 19 0.00481540930979
21 20 0.0401284109149
21 21 0.0
21 22 0.0
21 23 0.0
21 24 0.0
21 25 0.0
21 26 0.0
21 27 0.0
21 28 0.0
21 29 0.0
21 30 0.0128410914928
21 31 0.024077046549
21 32 0.0016051364366
21 33 0.0
21 34 0.0
21 35 0.0
21 36 0.0
21 37 0.0
21 38 0.0
21 39 0.0
21 40 0.00321027287319
21 41 0.112359550562
21 42 0.171749598716
21 43 0.0481540930979
21 44 0.266452648475
21 45 0.00802568218299
21 46 0.0
21 47 0.0016051364366
21 48 0.0
21 49 0.0
21 50 0.0
21 51 0.0
21 52 0.0208667736758
21 53 0.102728731942
21 54 0.105939004815
21 55 0.0
21 56 0.0321027287319
21 57 0.0
21 58 0.0
21 59 0.0
21 60 0.0
21 61 0.0
21 62 0.0
21 63 0.0
21 64 0.0176565008026
21 65 0.0
21 66 0.0
21 67 0.0144462279294
21 68 0.0
22 0 0.0
22 1 0.0
22 2 0.0
22 3 0.0
22 4 0.0
22 5 0.0
22 6 0.0
22 7 0.0
22 8 0.0
22 9 0.0
22 10 0.0
22 11 0.0
22 12 0.0
22 13 0.0
22 14 0.0
22 15 0.0
22 16 0.0
22 17 0.0
22 18 0.0155925155925
22 19 0.00155925155925
22 20 0.045738045738
22 21 0.0
22 22 0.0
22 23 0.0
22 24 0.0
22 25 0.0
22 26 0.0
22 27 0.0
22 28 0.0
22 29 0.0
22 30 0.0127338877339
22 31 0.0285862785863
22 32 0.00337837837838
22 33 0.0
22 34 0.0
22 35 0.0
22 36 0.0
22 37 0.0
22 38 0.0
22 39 0.0
22 40 0.00675675675676
22 41 0.0766632016632
22 42 0.139033264033
22 43 0.0634095634096
22 44 0.210758835759
22 45 0.0153326403326
22 46 0.0
22 47 0.0
22 48 0.0
22 49 0.0
22 50 0.0
22 51 0.0
22 52 0.0223492723493
22 53 0.170997920998
22 54 0.0878378378378
22 55 0.000259875259875
22 56 0.0556133056133
22 57 0.0010395010395
22 58 0.0
22 59 0.0
22 60 0.0
22 61 0.0
22 62 0.0
22 63 0.0
22 64 0.0285862785863
22 65 0.000259875259875
22 66 0.000259875259875
22 67 0.0127338877339
22 68 0.000519750519751
23 0 0.0
23 1 0.0
23 2 0.0
23 3 0.0
23 4 0.0
23 5 0.0
23 6 0.0
23 7 0.0
23 8 0.0
23 9 0.0
23 10 0.0
23 11 0.0
23 12 0.0
23 13 0.0
23 14 0.0
23 15 0.0
23 16 0.0
23 17 0.0
23 18 0.00168634064081
23 19 0.0
23 20 0.0303541315346
23 21 0.0
23 22 0.0
23 23 0.0
23 24 0.0
23 25 0.0
23 26 0.0
23 27 0.0
23 28 0.0
23 29 0.0
23 30 0.00337268128162
23 31 0.0219224283305
23 32 0.0
23 33 0.0
23 34 0.0
23 35 0.0
23 36 0.0
23 37 0.0
23 38 0.0
23 39 0.0
23 40 0.00674536256324
23 41 0.170320404722
23 42 0.0978077571669
23 43 0.0556492411467
23 44 0.156829679595
23 45 0.00337268128162
23 46 0.0
23 47 0.0
23 48 0.0
23 49 0.0
23 50 0.0
23 51 0.0
23 52 0.0455311973019
23 53 0.237774030354
23 54 0.079258010118
23 55 0.00168634064081
23 56 0.0691399662732
23 57 0.00168634064081
23 58 0.0
23 59 0.0
23 60 0.0
23 61 0.0
23 62 0.0
23 63 0.0
23 64 0.0101180438449
23 65 0.0
23 66 0.0
23 67 0.00674536256324
23 68 0.0
24 0 0.0
24 1 0.036231884058
24 2 0.0
24 3 0.0
24 4 0.00724637681159
24 5 0.0
24 6 0.195652173913
24 7 0.00724637681159
24 8 0.0
24 9 0.00724637681159
24 10 0.00724637681159
24 11 0.0
24 12 0.0
24 13 0.0
24 14 0.0
24 15 0.0
24 16 0.0
24 17 0.0
24 18 0.0144927536232
24 19 0.0
24 20 0.0217391304348
24 21 0.0
24 22 0.036231884058
24 23 0.0289855072464
24 24 0.0
24 25 0.0
24 26 0.0
24 27 0.0
24 28 0.00724637681159
24 29 0.0144927536232
24 30 0.00724637681159
24 31 0.00724637681159
24 32 0.0
24 33 0.0
24 34 0.115942028986
24 35 0.0144927536232
24 36 0.036231884058
24 37 0.00724637681159
24 38 0.0144927536232
24 39 0.0
24 40 0.0
24 41 0.0289855072464
24 42 0.0434782608696
24 43 0.0434782608696
24 44 0.0217391304348
24 45 0.0
24 46 0.0
24 47 0.0
24 48 0.0
24 49 0.0
24 50 0.0
24 51 0.0
24 52 0.0434782608696
24 53 0.0217391304348
24 54 0.0579710144928
24 55 0.0
24 56 0.0652173913043
24 57 0.0
24 58 0.0
24 59 0.0
24 60 0.0
24 61 0.0
24 62 0.0
24 63 0.0
24 64 0.00724637681159
24 65 0.0
24 66 0.0
24 67 0.0797101449275
24 68 0.0
25 0 0.0
25 1 0.0
25 2 0.0
25 3 0.0
25 4 0.0
25 5 0.0
25 6 0.0434782608696
25 7 0.0
25 8 0.0
25 9 0.0
25 10 0.0
25 11 0.0
25 12 0.0
25 13 0.0
25 14 0.0
25 15 0.0
25 16 0.0
25 17 0.0
25 18 0.0652173913043
25 19 0.0217391304348
25 20 0.0434782608696
25 21 0.0217391304348
25 22 0.0
25 23 0.0
25 24 0.0
25 25 0.0
25 26 0.0
25 27 0.0
25 28 0.0
25 29 0.0
25 30 0.0
25 31 0.0217391304348
25 32 0.0
25 33 0.0
25 34 0.0434782608696
25 35 0.0
25 36 0.0
25 37 0.0652173913043
25 38 0.0
25 39 0.0
25 40 0.0
25 41 0.130434782609
25 42 0.0217391304348
25 43 0.0652173913043
25 44 0.108695652174
25 45 0.0
25 46 0.0217391304348
25 47 0.0
25 48 0.0
25 49 0.0
25 50 0.0
25 51 0.0
25 52 0.0217391304348
25 53 0.0217391304348
25 54 0.0652173913043
25 55 0.0
25 56 0.108695652174
25 57 0.0
25 58 0.0
25 59 0.0
25 60 0.0
25 61 0.0
25 62 0.0
25 63 0.0
25 64 0.0652173913043
25 65 0.0
25 66 0.0
25 67 0.0434782608696
25 68 0.0
26 0 0.0
26 1 0.0
26 2 0.0
26 3 0.0
26 4 0.0
26 5 0.0
26 6 0.125
26 7 0.0
26 8 0.0
26 9 0.0
26 10 0.0
26 11 0.0
26 12 0.0
26 13 0.0
26 14 0.0
26 15 0.0
26 16 0.0
26 17 0.0
26 18 0.0
26 19 0.0
26 20 0.0
26 21 0.0
26 22 0.0
26 23 0.0
26 24 0.0
26 25 0.0
26 26 0.0
26 27 0.0
26 28 0.0
26 29 0.0
26 30 0.0
26 31 0.0
26 32 0.0
26 33 0.0
26 34 0.125
26 35 0.0
26 36 0.0
26 37 0.0
26 38 0.0
26 39 0.0
26 40 0.0
26 41 0.125
26 42 0.0
26 43 0.25
26 44 0.0
26 45 0.0
26 46 0.0
26 47 0.0
26 48 0.0
26 49 0.0
26 50 0.0
26 51 0.0
26 52 0.125
26 53 0.0
26 54 0.0
26 55 0.0
26 56 0.0
26 57 0.0
26 58 0.0
26 59 0.0
26 60 0.0
26 61 0.0
26 62 0.0
26 63 0.0
26 64 0.0
26 65 0.0
26 66 0.0
26 67 0.25
26 68 0.0
27 0 0.0
27 1 0.00595238095238
27 2 0.0
27 3 0.0
27 4 0.0
27 5 0.0
27 6 0.0
27 7 0.0
27 8 0.0
27 9 0.0
27 10 0.0119047619048
27 11 0.0
27 12 0.0
27 13 0.0
27 14 0.0
27 15 0.0
27 16 0.0
27 17 0.0
27 18 0.0178571428571
27 19 0.0
27 20 0.0535714285714
27 21 0.0
27 22 0.0
27 23 0.0
27 24 0.0
27 25 0.0
27 26 0.0
27 27 0.0
27 28 0.0
27 29 0.0
27 30 0.0
27 31 0.047619047619
27 32 0.0178571428571
27 33 0.0
27 34 0.0
27 35 0.0
27 36 0.0
27 37 0.0119047619048
27 38 0.0178571428571
27 39 0.0
27 40 0.00595238095238
27 41 0.0297619047619
27 42 0.0952380952381
27 43 0.0535714285714
27 44 0.0952380952381
27 45 0.0
27 46 0.0
27 47 0.0357142857143
27 48 0.0
27 49 0.0
27 50 0.0
27 51 0.0
27 52 0.047619047619
27 53 0.0
27 54 0.107142857143
27 55 0.00595238095238
27 56 0.172619047619
27 57 0.0
27 58 0.0
27 59 0.0
27 60 0.0
27 61 0.0
27 62 0.0
27 63 0.0
27 64 0.107142857143
27 65 0.0
27 66 0.0297619047619
27 67 0.0297619047619
27 68 0.0
28 0 0.0
28 1 0.0
28 2 0.0
28 3 0.000942507068803
28 4 0.0
28 5 0.0
28 6 0.00659754948162
28 7 0.0
28 8 0.0
28 9 0.000942507068803
28 10 0.0
28 11 0.0
28 12 0.0
28 13 0.0
28 14 0.0
28 15 0.0
28 16 0.0
28 17 0.0
28 18 0.0706880301602
28 19 0.0
28 20 0.139491046183
28 21 0.0
28 22 0.0
28 23 0.0
28 24 0.0
28 25 0.0
28 26 0.0
28 27 0.0
28 28 0.0
28 29 0.0
28 30 0.00377002827521
28 31 0.0593779453346
28 32 0.014137606032
28 33 0.0
28 34 0.00565504241282
28 35 0.0
28 36 0.0
28 37 0.0
28 38 0.0
28 39 0.0
28 40 0.0207351555137
28 41 0.0348727615457
28 42 0.0678605089538
28 43 0.0433553251649
28 44 0.0970782280867
28 45 0.00942507068803
28 46 0.0
28 47 0.0
28 48 0.0
28 49 0.0
28 50 0.0
28 51 0.0
28 52 0.0320452403393
28 53 0.0
28 54 0.071630537229
28 55 0.0801131008483
28 56 0.114985862394
28 57 0.0
28 58 0.0
28 59 0.0
28 60 0.0
28 61 0.0
28 62 0.0
28 63 0.0
28 64 0.0678605089538
28 65 0.00188501413761
28 66 0.00754005655042
28 67 0.048067860509
28 68 0.000942507068803
29 0 0.0
29 1 0.0
29 2 0.0
29 3 0.0
29 4 0.0
29 5 0.0
29 6 0.0
29 7 0.0
29 8 0.0
29 9 0.0
29 10 0.0
29 11 0.0
29 12 0.0
29 13 0.0
29 14 0.0
29 15 0.0
29 16 0.0
29 17 0.0
29 18 0.00724637681159
29 19 0.0
29 20 0.0217391304348
29 21 0.0
29 22 0.0
29 23 0.0
29 24 0.0
29 25 0.0
29 26 0.0
29 27 0.0
29 28 0.0
29 29 0.0
29 30 0.0
29 31 0.018115942029
29 32 0.0036231884058
29 33 0.0
29 34 0.0
29 35 0.0
29 36 0.0036231884058
29 37 0.0
29 38 0.0
29 39 0.0
29 40 0.00724637681159
29 41 0.0036231884058
29 42 0.0144927536232
29 43 0.0108695652174
29 44 0.0144927536232
29 45 0.0
29 46 0.0036231884058
29 47 0.0
29 48 0.0
29 49 0.0
29 50 0.0
29 51 0.0
29 52 0.0036231884058
29 53 0.0
29 54 0.018115942029
29 55 0.00724637681159
29 56 0.844202898551
29 57 0.0
29 58 0.0
29 59 0.0
29 60 0.0
29 61 0.0
29 62 0.0
29 63 0.0
29 64 0.0108695652174
29 65 0.0
29 66 0.0
29 67 0.0036231884058
29 68 0.0036231884058
30 0 0.0208574739282
30 1 0.0602549246813
30 2 0.00289687137891
30 3 0.00405561993048
30 4 0.0475086906141
30 5 0.00753186558517
30 6 0.063731170336
30 7 0.0162224797219
30 8 0.00231749710313
30 9 0.0104287369641
30 10 0.063731170336
30 11 0.00579374275782
30 12 0.0
30 13 0.0
30 14 0.0
30 15 0.00289687137891
30 16 0.0139049826188
30 17 0.00869061413673
30 18 0.0
30 19 0.0
30 20 0.000579374275782
30 21 0.00753186558517
30 22 0.0492468134415
30 23 0.013325608343
30 24 0.00347624565469
30 25 0.0
30 26 0.0
30 27 0.000579374275782
30 28 0.0127462340672
30 29 0.0
30 30 0.0
30 31 0.00115874855156
30 32 0.0
30 33 0.0
30 34 0.0527230590962
30 35 0.045191193511
30 36 0.00463499420626
30 37 0.0191193511008
30 38 0.0168018539977
30 39 0.00115874855156
30 40 0.0
30 41 0.00753186558517
30 42 0.0782155272306
30 43 0.00463499420626
30 44 0.00289687137891
30 45 0.0
30 46 0.00579374275782
30 47 0.0208574739282
30 48 0.00521436848204
30 49 0.0
30 50 0.0
30 51 0.0
30 52 0.000579374275782
30 53 0.123986095017
30 54 0.0753186558517
30 55 0.0
30 56 0.0411355735805
30 57 0.0
30 58 0.00347624565469
30 59 0.00347624565469
30 60 0.00115874855156
30 61 0.00579374275782
30 62 0.00811123986095
30 63 0.00579374275782
30 64 0.0
30 65 0.00289687137891
30 66 0.0440324449594
30 67 0.0
30 68 0.0
31 0 0.0269617706237
31 1 0.0688128772636
31 2 0.00965794768612
31 3 0.00523138832998
31 4 0.046277665996
31 5 0.00442655935614
31 6 0.203219315895
31 7 0.0229376257545
31 8 0.00120724346076
31 9 0.00201207243461
31 10 0.025754527163
31 11 0.00201207243461
31 12 0.0
31 13 0.000402414486922
31 14 0.0
31 15 0.0
31 16 0.000804828973843
31 17 0.00160965794769
31 18 0.00241448692153
31 19 0.0
31 20 0.00804828973843
31 21 0.00402414486922
31 22 0.0193158953722
31 23 0.000402414486922
31 24 0.00281690140845
31 25 0.00120724346076
31 26 0.0
31 27 0.000402414486922
31 28 0.00885311871227
31 29 0.00643863179074
31 30 0.000804828973843
31 31 0.0
31 32 0.00281690140845
31 33 0.0
31 34 0.0245472837022
31 35 0.0233400402414
31 36 0.00120724346076
31 37 0.00120724346076
31 38 0.00402414486922
31 39 0.0
31 40 0.00160965794769
31 41 0.00120724346076
31 42 0.0788732394366
31 43 0.0209255533199
31 44 0.0555331991952
31 45 0.0
31 46 0.0136820925553
31 47 0.0394366197183
31 48 0.00523138832998
31 49 0.0
31 50 0.0
31 51 0.0
31 52 0.0
31 53 0.153319919517
31 54 0.00885311871227
31 55 0.0
31 56 0.00201207243461
31 57 0.0
31 58 0.0
31 59 0.00201207243461
31 60 0.000402414486922
31 61 0.00684104627767
31 62 0.0056338028169
31 63 0.000402414486922
31 64 0.000402414486922
31 65 0.0249496981891
31 66 0.0233400402414
31 67 0.0217303822938
31 68 0.000402414486922
32 0 0.0252754374595
32 1 0.143227478937
32 2 0.0194426441996
32 3 0.0220349967596
32 4 0.130913804277
32 5 0.0155541153597
32 6 0.0686973428386
32 7 0.052495139339
32 8 0.00194426441996
32 9 0.0103694102398
32 10 0.0324044069994
32 11 0.0051847051199
32 12 0.0
32 13 0.0
32 14 0.0
32 15 0.00453661697991
32 16 0.0278677900194
32 17 0.00453661697991
32 18 0.0
32 19 0.0
32 20 0.0
32 21 0.00712896953986
32 22 0.108230719378
32 23 0.00648088139987
32 24 0.000648088139987
32 25 0.000648088139987
32 26 0.0
32 27 0.000648088139987
32 28 0.0285158781594
32 29 0.00194426441996
32 30 0.0
32 31 0.0
32 32 0.0
32 33 0.0
32 34 0.0272197018795
32 35 0.0622164614388
32 36 0.00842514581983
32 37 0.00388852883992
32 38 0.0233311730395
32 39 0.00388852883992
32 40 0.0
32 41 0.0
32 42 0.00324044069994
32 43 0.0
32 44 0.000648088139987
32 45 0.0
32 46 0.00648088139987
32 47 0.0557355800389
32 48 0.0174983797797
32 49 0.0
32 50 0.0
32 51 0.0
32 52 0.0
32 53 0.00648088139987
32 54 0.0
32 55 0.0
32 56 0.0
32 57 0.0
32 58 0.0
32 59 0.00194426441996
32 60 0.000648088139987
32 61 0.00259235255995
32 62 0.0142579390797
32 63 0.0
32 64 0.0
32 65 0.00324044069994
32 66 0.0395333765392
32 67 0.0
32 68 0.0
33 0 0.0
33 1 1.0
33 2 0.0
33 3 0.0
33 4 0.0
33 5 0.0
33 6 0.0
33 7 0.0
33 8 0.0
33 9 0.0
33 10 0.0
33 11 0.0
33 12 0.0
33 13 0.0
33 14 0.0
33 15 0.0
33 16 0.0
33 17 0.0
33 18 0.0
33 19 0.0
33 20 0.0
33 21 0.0
33 22 0.0
33 23 0.0
33 24 0.0
33 25 0.0
33 26 0.0
33 27 0.0
33 28 0.0
33 29 0.0
33 30 0.0
33 31 0.0
33 32 0.0
33 33 0.0
33 34 0.0
33 35 0.0
33 36 0.0
33 37 0.0
33 38 0.0
33 39 0.0
33 40 0.0
33 41 0.0
33 42 0.0
33 43 0.0
33 44 0.0
33 45 0.0
33 46 0.0
33 47 0.0
33 48 0.0
33 49 0.0
33 50 0.0
33 51 0.0
33 52 0.0
33 53 0.0
33 54 0.0
33 55 0.0
33 56 0.0
33 57 0.0
33 58 0.0
33 59 0.0
33 60 0.0
33 61 0.0
33 62 0.0
33 63 0.0
33 64 0.0
33 65 0.0
33 66 0.0
33 67 0.0
33 68 0.0
34 0 0.0
34 1 0.0
34 2 0.0
34 3 0.0
34 4 0.0
34 5 0.0
34 6 0.0
34 7 0.0
34 8 0.0
34 9 0.0
34 10 0.0
34 11 0.0
34 12 0.0
34 13 0.0
34 14 0.0
34 15 0.0
34 16 0.0
34 17 0.0
34 18 0.0192139737991
34 19 0.00320232896652
34 20 0.0328966521106
34 21 0.0
34 22 0.0
34 23 0.0
34 24 0.0
34 25 0.0
34 26 0.0
34 27 0.0
34 28 0.0
34 29 0.0
34 30 0.027365356623
34 31 0.0425036390102
34 32 0.00727802037846
34 33 0.0
34 34 0.0
34 35 0.0
34 36 0.0
34 37 0.0
34 38 0.0
34 39 0.0
34 40 0.0145560407569
34 41 0.165647743814
34 42 0.0590975254731
34 43 0.0605531295488
34 44 0.185443959243
34 45 0.0119359534207
34 46 0.0
34 47 0.0
34 48 0.0
34 49 0.0
34 50 0.0
34 51 0.0
34 52 0.0247452692868
34 53 0.0256186317322
34 54 0.168558951965
34 55 0.000873362445415
34 56 0.0896652110626
34 57 0.0
34 58 0.0
34 59 0.0
34 60 0.0
34 61 0.0
34 62 0.0
34 63 0.0
34 64 0.0363901018923
34 65 0.00320232896652
34 66 0.00145560407569
34 67 0.018922852984
34 68 0.000873362445415
35 0 0.0
35 1 0.0
35 2 0.0
35 3 0.0
35 4 0.0
35 5 0.0
35 6 0.0
35 7 0.0
35 8 0.0
35 9 0.0
35 10 0.0
35 11 0.0
35 12 0.0
35 13 0.0
35 14 0.0
35 15 0.0
35 16 0.0
35 17 0.0
35 18 0.0233938547486
35 19 0.00384078212291
35 20 0.0307262569832
35 21 0.0
35 22 0.0
35 23 0.0
35 24 0.0
35 25 0.0
35 26 0.0
35 27 0.0
35 28 0.0
35 29 0.0
35 30 0.0157122905028
35 31 0.0412011173184
35 32 0.00279329608939
35 33 0.0
35 34 0.0
35 35 0.0
35 36 0.0
35 37 0.0
35 38 0.0
35 39 0.0
35 40 0.00628491620112
35 41 0.054469273743
35 42 0.122555865922
35 43 0.0708798882682
35 44 0.215782122905
35 45 0.0670391061453
35 46 0.0
35 47 0.0
35 48 0.0
35 49 0.0
35 50 0.0
35 51 0.0
35 52 0.0380586592179
35 53 0.0684357541899
35 54 0.111382681564
35 55 0.00593575418994
35 56 0.0708798882682
35 57 0.0
35 58 0.0
35 59 0.0
35 60 0.0
35 61 0.0
35 62 0.0
35 63 0.0
35 64 0.0307262569832
35 65 0.000698324022346
35 66 0.0
35 67 0.0178072625698
35 68 0.00139664804469
36 0 0.0
36 1 0.0
36 2 0.0
36 3 0.0
36 4 0.0
36 5 0.0
36 6 0.0
36 7 0.0
36 8 0.0
36 9 0.0
36 10 0.0
36 11 0.0
36 12 0.0
36 13 0.0
36 14 0.0
36 15 0.0
36 16 0.0
36 17 0.0
36 18 0.0054347826087
36 19 0.00271739130435
36 20 0.0135869565217
36 21 0.0
36 22 0.0
36 23 0.0
36 24 0.0
36 25 0.0
36 26 0.0
36 27 0.0
36 28 0.0
36 29 0.0
36 30 0.0054347826087
36 31 0.0135869565217
36 32 0.0
36 33 0.0
36 34 0.0
36 35 0.0
36 36 0.0
36 37 0.0
36 38 0.0
36 39 0.0
36 40 0.0163043478261
36 41 0.0570652173913
36 42 0.0489130434783
36 43 0.0679347826087
36 44 0.244565217391
36 45 0.0244565217391
36 46 0.0
36 47 0.0
36 48 0.0
36 49 0.0
36 50 0.0
36 51 0.0
36 52 0.0298913043478
36 53 0.0597826086957
36 54 0.1875
36 55 0.0
36 56 0.0244565217391
36 57 0.0054347826087
36 58 0.0
36 59 0.0
36 60 0.0
36 61 0.0
36 62 0.0
36 63 0.0
36 64 0.0108695652174
36 65 0.0
36 66 0.0
36 67 0.179347826087
36 68 0.00271739130435
37 0 0.00666262870987
37 1 0.102967898243
37 2 0.0030284675954
37 3 0.0139309509388
37 4 0.0387643852211
37 5 0.00666262870987
37 6 0.336159903089
37 7 0.00121138703816
37 8 0.0
37 9 0.00605693519079
37 10 0.0139309509388
37 11 0.000605693519079
37 12 0.0
37 13 0.0
37 14 0.0
37 15 0.0
37 16 0.0
37 17 0.0
37 18 0.0175651120533
37 19 0.00363416111448
37 20 0.0139309509388
37 21 0.00423985463356
37 22 0.0260448213204
37 23 0.00908540278619
37 24 0.0
37 25 0.0
37 26 0.0
37 27 0.000605693519079
37 28 0.00847970926711
37 29 0.0211992731678
37 30 0.0102967898243
37 31 0.0169594185342
37 32 0.00847970926711
37 33 0.0
37 34 0.0218049666869
37 35 0.00181708055724
37 36 0.0
37 37 0.0
37 38 0.0
37 39 0.0
37 40 0.00181708055724
37 41 0.0363416111448
37 42 0.0266505148395
37 43 0.030284675954
37 44 0.030890369473
37 45 0.0
37 46 0.0193821926105
37 47 0.0314960629921
37 48 0.00605693519079
37 49 0.0
37 50 0.0
37 51 0.0
37 52 0.0157480314961
37 53 0.0030284675954
37 54 0.030890369473
37 55 0.0
37 56 0.0278619018776
37 57 0.0
37 58 0.0
37 59 0.000605693519079
37 60 0.0
37 61 0.000605693519079
37 62 0.00484554815263
37 63 0.0
37 64 0.0211992731678
37 65 0.00181708055724
37 66 0.00726832222895
37 67 0.00847970926711
37 68 0.000605693519079
38 0 0.00707213578501
38 1 0.000707213578501
38 2 0.001414427157
38 3 0.0021216407355
38 4 0.0
38 5 0.000707213578501
38 6 0.041018387553
38 7 0.0
38 8 0.0
38 9 0.0
38 10 0.0
38 11 0.001414427157
38 12 0.0
38 13 0.0
38 14 0.0
38 15 0.0
38 16 0.0
38 17 0.0
38 18 0.0233380480905
38 19 0.004243281471
38 20 0.0707213578501
38 21 0.000707213578501
38 22 0.0
38 23 0.000707213578501
38 24 0.0
38 25 0.0
38 26 0.0
38 27 0.0
38 28 0.0
38 29 0.0
38 30 0.00636492220651
38 31 0.029702970297
38 32 0.004243281471
38 33 0.0
38 34 0.00636492220651
38 35 0.0
38 36 0.0
38 37 0.0
38 38 0.000707213578501
38 39 0.0
38 40 0.0134370579915
38 41 0.0664780763791
38 42 0.048090523338
38 43 0.0523338048091
38 44 0.354314002829
38 45 0.00636492220651
38 46 0.00636492220651
38 47 0.0
38 48 0.000707213578501
38 49 0.0
38 50 0.0
38 51 0.0
38 52 0.00990099009901
38 53 0.0148514851485
38 54 0.0509193776521
38 55 0.002828854314
38 56 0.116690240453
38 57 0.0
38 58 0.0
38 59 0.0
38 60 0.0
38 61 0.0
38 62 0.0
38 63 0.0
38 64 0.0332390381895
38 65 0.0035360678925
38 66 0.0021216407355
38 67 0.015558698727
38 68 0.000707213578501
39 0 0.0062893081761
39 1 0.0125786163522
39 2 0.0
39 3 0.0
39 4 0.0440251572327
39 5 0.0062893081761
39 6 0.14465408805
39 7 0.0
39 8 0.0
39 9 0.0
39 10 0.0
39 11 0.0
39 12 0.0
39 13 0.0
39 14 0.0
39 15 0.0
39 16 0.0
39 17 0.0
39 18 0.0188679245283
39 19 0.0
39 20 0.0440251572327
39 21 0.0125786163522
39 22 0.0062893081761
39 23 0.0
39 24 0.0
39 25 0.0
39 26 0.0
39 27 0.0125786163522
39 28 0.0
39 29 0.0
39 30 0.0125786163522
39 31 0.0377358490566
39 32 0.0251572327044
39 33 0.0
39 34 0.0440251572327
39 35 0.0
39 36 0.0
39 37 0.0
39 38 0.0
39 39 0.0
39 40 0.0062893081761
39 41 0.11320754717
39 42 0.0503144654088
39 43 0.0691823899371
39 44 0.0503144654088
39 45 0.0
39 46 0.0503144654088
39 47 0.0251572327044
39 48 0.0062893081761
39 49 0.0
39 50 0.0
39 51 0.0
39 52 0.0125786163522
39 53 0.0314465408805
39 54 0.0125786163522
39 55 0.0062893081761
39 56 0.0377358490566
39 57 0.0062893081761
39 58 0.0
39 59 0.0
39 60 0.0
39 61 0.0188679245283
39 62 0.0
39 63 0.0
39 64 0.0440251572327
39 65 0.0
39 66 0.0251572327044
39 67 0.0062893081761
39 68 0.0
40 0 0.00391772771792
40 1 0.0381978452498
40 2 0.0
40 3 0.00293829578844
40 4 0.0479921645446
40 5 0.00293829578844
40 6 0.218413320274
40 7 0.0450538687561
40 8 0.00685602350637
40 9 0.000979431929481
40 10 0.0127326150833
40 11 0.000979431929481
40 12 0.0
40 13 0.0
40 14 0.0
40 15 0.000979431929481
40 16 0.0117531831538
40 17 0.000979431929481
40 18 0.0
40 19 0.0
40 20 0.000979431929481
40 21 0.0225269343781
40 22 0.146914789422
40 23 0.0176297747307
40 24 0.000979431929481
40 25 0.0
40 26 0.0
40 27 0.0
40 28 0.0107737512243
40 29 0.0
40 30 0.0
40 31 0.0
40 32 0.0
40 33 0.0
40 34 0.160626836435
40 35 0.0558276199804
40 36 0.000979431929481
40 37 0.0440744368266
40 38 0.048971596474
40 39 0.0146914789422
40 40 0.0
40 41 0.000979431929481
40 42 0.0
40 43 0.0
40 44 0.000979431929481
40 45 0.0
40 46 0.00195886385896
40 47 0.0186092066601
40 48 0.00293829578844
40 49 0.0
40 50 0.0
40 51 0.0
40 52 0.0
40 53 0.0
40 54 0.00195886385896
40 55 0.0
40 56 0.0
40 57 0.0
40 58 0.000979431929481
40 59 0.00587659157689
40 60 0.0
40 61 0.0117531831538
40 62 0.0254652301665
40 63 0.00293829578844
40 64 0.0
40 65 0.00195886385896
40 66 0.00293829578844
40 67 0.000979431929481
40 68 0.0
41 0 0.0373317013464
41 1 0.094247246022
41 2 0.0200428396573
41 3 0.00321297429621
41 4 0.0553855569155
41 5 0.0122399020808
41 6 0.165697674419
41 7 0.015758873929
41 8 0.00122399020808
41 9 0.00596695226438
41 10 0.0325887392901
41 11 0.0093329253366
41 12 0.0
41 13 0.00030599755202
41 14 0.0
41 15 0.00015299877601
41 16 0.00260097919217
41 17 0.0
41 18 0.00244798041616
41 19 0.0015299877601
41 20 0.00321297429621
41 21 0.000764993880049
41 22 0.0182068543452
41 23 0.00290697674419
41 24 0.00107099143207
41 25 0.00015299877601
41 26 0.0
41 27 0.00137698898409
41 28 0.0120869033048
41 29 0.00458996328029
41 30 0.00290697674419
41 31 0.00030599755202
41 32 0.00107099143207
41 33 0.0
41 34 0.031670746634
41 35 0.0191248470012
41 36 0.00382496940024
41 37 0.00336597307222
41 38 0.00535495716034
41 39 0.000458996328029
41 40 0.00030599755202
41 41 0.0
41 42 0.047123623011
41 43 0.0062729498164
41 44 0.00581395348837
41 45 0.0
41 46 0.0165238678091
41 47 0.0403916768666
41 48 0.00367197062424
41 49 0.0
41 50 0.0
41 51 0.0
41 52 0.000917992656059
41 53 0.077570379437
41 54 0.0760403916769
41 55 0.00168298653611
41 56 0.0509485924113
41 57 0.0
41 58 0.000611995104039
41 59 0.0015299877601
41 60 0.000611995104039
41 61 0.00428396572827
41 62 0.00749694002448
41 63 0.00122399020808
41 64 0.00183598531212
41 65 0.046205630355
41 66 0.0359547123623
41 67 0.000458996328029
41 68 0.0
42 0 0.0215053763441
42 1 0.0517946388005
42 2 0.0042404967439
42 3 0.00227169468423
42 4 0.0530062092988
42 5 0.00802665455096
42 6 0.152506436468
42 7 0.019839466909
42 8 0.000757231561411
42 9 0.00318037255793
42 10 0.0157504164774
42 11 0.00106012418598
42 12 0.000151446312282
42 13 0.00106012418598
42 14 0.0
42 15 0.00196880205967
42 16 0.010752688172
42 17 0.0042404967439
42 18 0.0142359533545
42 19 0.00121157049826
42 20 0.0369529001969
42 21 0.00954111767378
42 22 0.0516431924883
42 23 0.00545206724216
42 24 0.00196880205967
42 25 0.0
42 26 0.0
42 27 0.00363471149478
42 28 0.024685748902
42 29 0.0112070271089
42 30 0.00984401029835
42 31 0.00787520823868
42 32 0.00469483568075
42 33 0.0
42 34 0.0855671664395
42 35 0.0598212933515
42 36 0.00530062092988
42 37 0.039678933818
42 38 0.0278661214599
42 39 0.00272603362108
42 40 0.00333181887021
42 41 0.0296834772073
42 42 0.0
42 43 0.0278661214599
42 44 0.00363471149478
42 45 0.0
42 46 0.00969256398607
42 47 0.019839466909
42 48 0.00121157049826
42 49 0.0
42 50 0.0
42 51 0.000454338936847
42 52 0.00651219142814
42 53 0.00333181887021
42 54 0.0262002120248
42 55 0.000302892624565
42 56 0.0433136453127
42 57 0.0
42 58 0.000151446312282
42 59 0.000908677873694
42 60 0.000151446312282
42 61 0.00636074511586
42 62 0.0174163259125
42 63 0.00227169468423
42 64 0.0202938058458
42 65 0.00302892624565
42 66 0.01393306073
42 67 0.00408905043162
42 68 0.0
43 0 0.0402660435017
43 1 0.0726226856013
43 2 0.0127628977171
43 3 0.00790940140212
43 4 0.0627359338486
43 5 0.0095272335071
43 6 0.239439151537
43 7 0.0136616933309
43 8 0.00215710947331
43 9 0.00611181017437
43 10 0.0179759122775
43 11 0.00215710947331
43 12 0.0
43 13 0.0
43 14 0.0
43 15 0.00125831385943
43 16 0.0113248247349
43 17 0.00503325543771
43 18 0.0568038827971
43 19 0.000179759122775
43 20 0.00125831385943
43 21 0.0138414524537
43 22 0.0582419557793
43 23 0.0122236203487
43 24 0.00161783210498
43 25 0.000179759122775
43 26 0.0
43 27 0.00269638684163
43 28 0.0150997663131
43 29 0.00125831385943
43 30 0.00161783210498
43 31 0.00107855473665
43 32 0.00161783210498
43 33 0.0
43 34 0.0510515908682
43 35 0.04727664929
43 36 0.00413445982384
43 37 0.0181556714003
43 38 0.0185151896459
43 39 0.00125831385943
43 40 0.000179759122775
43 41 0.00934747438433
43 42 0.00539277368326
43 43 0.0
43 44 0.00575229192882
43 45 0.0
43 46 0.0161783210498
43 47 0.0224698903469
43 48 0.00413445982384
43 49 0.0
43 50 0.0
43 51 0.0
43 52 0.0724429264785
43 53 0.00557253280604
43 54 0.00970699262988
43 55 0.0
43 56 0.00161783210498
43 57 0.0
43 58 0.00107855473665
43 59 0.00305590508718
43 60 0.000539277368326
43 61 0.00197735035053
43 62 0.00287614596441
43 63 0.000898795613877
43 64 0.000179759122775
43 65 0.00107855473665
43 66 0.0199532626281
43 67 0.00251662771886
43 68 0.0
44 0 0.0152122804591
44 1 0.0363711796432
44 2 0.00387221684414
44 3 0.00331904300927
44 4 0.0163186281289
44 5 0.00276586917439
44 6 0.101230811783
44 7 0.00304245609183
44 8 0.00165952150463
44 9 0.00152122804591
44 10 0.0138293458719
44 11 0.00165952150463
44 12 0.000276586917439
44 13 0.000414880376158
44 14 0.0
44 15 0.000829760752316
44 16 0.00511685797262
44 17 0.00304245609183
44 18 0.00705296639469
44 19 0.00511685797262
44 20 0.137048817591
44 21 0.00594661872493
44 22 0.0225418337713
44 23 0.00525515143134
44 24 0.00165952150463
44 25 0.0
44 26 0.0
44 27 0.00165952150463
44 28 0.00788272714701
44 29 0.0049785645139
44 30 0.0175632692574
44 31 0.00318074955055
44 32 0.0102337159452
44 33 0.0
44 34 0.0569769049924
44 35 0.0145208131655
44 36 0.00331904300927
44 37 0.0327755497165
44 38 0.0128612916609
44 39 0.00138293458719
44 40 0.0193610842207
44 41 0.0210206057253
44 42 0.00774443368829
44 43 0.00594661872493
44 44 0.000138293458719
44 45 0.0
44 46 0.00940395519292
44 47 0.0177015627161
44 48 0.000968054211036
44 49 0.0
44 50 0.0
44 51 0.0
44 52 0.00331904300927
44 53 0.00802102060573
44 54 0.106762550131
44 55 0.00221269533951
44 56 0.168303139262
44 57 0.000276586917439
44 58 0.0
44 59 0.000414880376158
44 60 0.0
44 61 0.00152122804591
44 62 0.00484027105518
44 63 0.000691467293597
44 64 0.0105103028627
44 65 0.00456368413774
44 66 0.0194993776794
44 67 0.0243396487346
44 68 0.0
45 0 0.0
45 1 0.0
45 2 0.0
45 3 0.0
45 4 0.0
45 5 0.0
45 6 0.0
45 7 0.0
45 8 0.0
45 9 0.0
45 10 0.0
45 11 0.0
45 12 0.0
45 13 0.0
45 14 0.0
45 15 0.0
45 16 0.0
45 17 0.0
45 18 0.0
45 19 0.0
45 20 0.0
45 21 0.0
45 22 0.0
45 23 0.0
45 24 0.0
45 25 0.0
45 26 0.0
45 27 0.0
45 28 0.0
45 29 0.0
45 30 0.0
45 31 0.453435114504
45 32 0.00152671755725
45 33 0.0
45 34 0.0
45 35 0.0
45 36 0.0
45 37 0.0
45 38 0.0
45 39 0.0
45 40 0.0
45 41 0.532824427481
45 42 0.00610687022901
45 43 0.0
45 44 0.0
45 45 0.0
45 46 0.0
45 47 0.0
45 48 0.0
45 49 0.0
45 50 0.0
45 51 0.0
45 52 0.0
45 53 0.0
45 54 0.0
45 55 0.0
45 56 0.00458015267176
45 57 0.0
45 58 0.0
45 59 0.0
45 60 0.0
45 61 0.0
45 62 0.0
45 63 0.0
45 64 0.0
45 65 0.0
45 66 0.0
45 67 0.00152671755725
45 68 0.0
46 0 0.0
46 1 0.00798175598632
46 2 0.0
46 3 0.00228050171038
46 4 0.00228050171038
46 5 0.0
46 6 0.00570125427594
46 7 0.0
46 8 0.0
46 9 0.0
46 10 0.00228050171038
46 11 0.0
46 12 0.0
46 13 0.0
46 14 0.0
46 15 0.0
46 16 0.0
46 17 0.0
46 18 0.054732041049
46 19 0.00342075256556
46 20 0.0672748004561
46 21 0.00228050171038
46 22 0.00228050171038
46 23 0.00228050171038
46 24 0.0
46 25 0.0
46 26 0.0
46 27 0.0
46 28 0.00228050171038
46 29 0.0
46 30 0.0102622576967
46 31 0.0353477765108
46 32 0.0296465222349
46 33 0.0
46 34 0.00456100342075
46 35 0.00342075256556
46 36 0.00114025085519
46 37 0.00114025085519
46 38 0.00114025085519
46 39 0.0
46 40 0.0114025085519
46 41 0.0661345496009
46 42 0.172177879133
46 43 0.116305587229
46 44 0.102622576967
46 45 0.00456100342075
46 46 0.0
46 47 0.0
46 48 0.0
46 49 0.0
46 50 0.0
46 51 0.0
46 52 0.0273660205245
46 53 0.0
46 54 0.0900798175599
46 55 0.00228050171038
46 56 0.0695553021665
46 57 0.0
46 58 0.00114025085519
46 59 0.0
46 60 0.0
46 61 0.0
46 62 0.0
46 63 0.0
46 64 0.0501710376283
46 65 0.00342075256556
46 66 0.0171037628278
46 67 0.023945267959
46 68 0.0
47 0 0.0
47 1 0.0
47 2 0.00104493207941
47 3 0.00104493207941
47 4 0.0
47 5 0.0
47 6 0.00574712643678
47 7 0.0
47 8 0.0
47 9 0.0
47 10 0.0
47 11 0.0
47 12 0.0
47 13 0.0
47 14 0.0
47 15 0.0
47 16 0.0
47 17 0.0
47 18 0.055381400209
47 19 0.00156739811912
47 20 0.0470219435737
47 21 0.0
47 22 0.0
47 23 0.00104493207941
47 24 0.0
47 25 0.0
47 26 0.0
47 27 0.0
47 28 0.0
47 29 0.000522466039707
47 30 0.00522466039707
47 31 0.0355276907001
47 32 0.0109717868339
47 33 0.0
47 34 0.00417972831766
47 35 0.0
47 36 0.0
47 37 0.00104493207941
47 38 0.0
47 39 0.0
47 40 0.00888192267503
47 41 0.0574712643678
47 42 0.251306165099
47 43 0.0616509926855
47 44 0.163531870428
47 45 0.00208986415883
47 46 0.0
47 47 0.0
47 48 0.0
47 49 0.0
47 50 0.0
47 51 0.0
47 52 0.0297805642633
47 53 0.00104493207941
47 54 0.076802507837
47 55 0.00156739811912
47 56 0.0668756530825
47 57 0.0
47 58 0.0
47 59 0.0
47 60 0.0
47 61 0.0
47 62 0.0
47 63 0.0
47 64 0.046499477534
47 65 0.000522466039707
47 66 0.00888192267503
47 67 0.051724137931
47 68 0.00104493207941
48 0 0.0148514851485
48 1 0.0049504950495
48 2 0.0
48 3 0.0
48 4 0.0
48 5 0.0
48 6 0.019801980198
48 7 0.0
48 8 0.0
48 9 0.0
48 10 0.0
48 11 0.0
48 12 0.0
48 13 0.0
48 14 0.0
48 15 0.0
48 16 0.0
48 17 0.0
48 18 0.039603960396
48 19 0.0
48 20 0.00990099009901
48 21 0.0
48 22 0.0
48 23 0.0049504950495
48 24 0.0
48 25 0.0
48 26 0.0
48 27 0.0
48 28 0.0
48 29 0.0
48 30 0.0
48 31 0.00990099009901
48 32 0.0346534653465
48 33 0.0
48 34 0.00990099009901
48 35 0.0
48 36 0.0
48 37 0.0
48 38 0.0
48 39 0.0
48 40 0.0049504950495
48 41 0.0792079207921
48 42 0.316831683168
48 43 0.0792079207921
48 44 0.049504950495
48 45 0.0
48 46 0.0
48 47 0.0
48 48 0.0
48 49 0.0
48 50 0.0
48 51 0.0
48 52 0.0247524752475
48 53 0.0
48 54 0.118811881188
48 55 0.00990099009901
48 56 0.0445544554455
48 57 0.0
48 58 0.0
48 59 0.0
48 60 0.0
48 61 0.0
48 62 0.0
48 63 0.0
48 64 0.10396039604
48 65 0.0
48 66 0.0
48 67 0.019801980198
48 68 0.0
49 0 0
49 1 0
49 2 0
49 3 0
49 4 0
49 5 0
49 6 0
49 7 0
49 8 0
49 9 0
49 10 0
49 11 0
49 12 0
49 13 0
49 14 0
49 15 0
49 16 0
49 17 0
49 18 0
49 19 0
49 20 0
49 21 0
49 22 0
49 23 0
49 24 0
49 25 0
49 26 0
49 27 0
49 28 0
49 29 0
49 30 0
49 31 0
49 32 0
49 33 0
49 34 0
49 35 0
49 36 0
49 37 0
49 38 0
49 39 0
49 40 0
49 41 0
49 42 0
49 43 0
49 44 0
49 45 0
49 46 0
49 47 0
49 48 0
49 49 0
49 50 0
49 51 0
49 52 0
49 53 0
49 54 0
49 55 0
49 56 0
49 57 0
49 58 0
49 59 0
49 60 0
49 61 0
49 62 0
49 63 0
49 64 0
49 65 0
49 66 0
49 67 0
49 68 0
50 0 0.0
50 1 0.0
50 2 0.0
50 3 0.0
50 4 0.0
50 5 0.0
50 6 0.0
50 7 0.0
50 8 0.0
50 9 0.0
50 10 0.0
50 11 0.0
50 12 0.0
50 13 0.0
50 14 0.0
50 15 0.0
50 16 0.0
50 17 0.0
50 18 0.0
50 19 0.0
50 20 0.0
50 21 1.0
50 22 0.0
50 23 0.0
50 24 0.0
50 25 0.0
50 26 0.0
50 27 0.0
50 28 0.0
50 29 0.0
50 30 0.0
50 31 0.0
50 32 0.0
50 33 0.0
50 34 0.0
50 35 0.0
50 36 0.0
50 37 0.0
50 38 0.0
50 39 0.0
50 40 0.0
50 41 0.0
50 42 0.0
50 43 0.0
50 44 0.0
50 45 0.0
50 46 0.0
50 47 0.0
50 48 0.0
50 49 0.0
50 50 0.0
50 51 0.0
50 52 0.0
50 53 0.0
50 54 0.0
50 55 0.0
50 56 0.0
50 57 0.0
50 58 0.0
50 59 0.0
50 60 0.0
50 61 0.0
50 62 0.0
50 63 0.0
50 64 0.0
50 65 0.0
50 66 0.0
50 67 0.0
50 68 0.0
51 0 0.0
51 1 0.0
51 2 0.0
51 3 0.0
51 4 0.0
51 5 0.0
51 6 0.0
51 7 0.0
51 8 0.0
51 9 0.0
51 10 0.0
51 11 0.0
51 12 0.0
51 13 0.0
51 14 0.0
51 15 0.0
51 16 0.0
51 17 0.0
51 18 0.0
51 19 0.333333333333
51 20 0.0
51 21 0.0
51 22 0.0
51 23 0.0
51 24 0.0
51 25 0.0
51 26 0.0
51 27 0.0
51 28 0.0
51 29 0.0
51 30 0.0
51 31 0.0
51 32 0.0
51 33 0.0
51 34 0.0
51 35 0.0
51 36 0.0
51 37 0.0
51 38 0.0
51 39 0.0
51 40 0.0
51 41 0.0
51 42 0.0
51 43 0.0
51 44 0.0
51 45 0.0
51 46 0.0
51 47 0.0
51 48 0.0
51 49 0.0
51 50 0.0
51 51 0.0
51 52 0.0
51 53 0.0
51 54 0.0
51 55 0.0
51 56 0.666666666667
51 57 0.0
51 58 0.0
51 59 0.0
51 60 0.0
51 61 0.0
51 62 0.0
51 63 0.0
51 64 0.0
51 65 0.0
51 66 0.0
51 67 0.0
51 68 0.0
52 0 0.0301875732708
52 1 0.0694607268464
52 2 0.013774912075
52 3 0.0052754982415
52 4 0.0507033997655
52 5 0.00996483001172
52 6 0.107854630715
52 7 0.0152403282532
52 8 0.000586166471278
52 9 0.00644783118406
52 10 0.0222743259086
52 11 0.00410316529894
52 12 0.0
52 13 0.000879249706917
52 14 0.0
52 15 0.00117233294256
52 16 0.00849941383353
52 17 0.00175849941383
52 18 0.0
52 19 0.00117233294256
52 20 0.00146541617819
52 21 0.013774912075
52 22 0.0741500586166
52 23 0.0167057444314
52 24 0.00468933177022
52 25 0.000586166471278
52 26 0.000879249706917
52 27 0.00263774912075
52 28 0.0111371629543
52 29 0.00410316529894
52 30 0.00293083235639
52 31 0.000293083235639
52 32 0.000586166471278
52 33 0.0
52 34 0.0325322391559
52 35 0.0416178194607
52 36 0.00410316529894
52 37 0.0246189917937
52 38 0.0193434935522
52 39 0.00146541617819
52 40 0.0
52 41 0.0146541617819
52 42 0.0741500586166
52 43 0.00439624853458
52 44 0.00351699882767
52 45 0.0
52 46 0.0131887456038
52 47 0.0331184056272
52 48 0.00410316529894
52 49 0.0
52 50 0.0
52 51 0.0
52 52 0.000586166471278
52 53 0.147127784291
52 54 0.0202227432591
52 55 0.000293083235639
52 56 0.0381008206331
52 57 0.0
52 58 0.0
52 59 0.00351699882767
52 60 0.000879249706917
52 61 0.00351699882767
52 62 0.00351699882767
52 63 0.000293083235639
52 64 0.0
52 65 0.00205158264947
52 66 0.0257913247362
52 67 0.0
52 68 0.0
53 0 0.0138804334592
53 1 0.0546694265189
53 2 0.00657494216486
53 3 0.00718373310605
53 4 0.0628272251309
53 5 0.0137586752709
53 6 0.13271642518
53 7 0.0267868014124
53 8 0.00109582369414
53 9 0.00170461463533
53 10 0.00706197491781
53 11 0.00170461463533
53 12 0.0
53 13 0.000487032752953
53 14 0.0
53 15 0.00121758188238
53 16 0.0129063679532
53 17 0.000852307317667
53 18 0.0152197735298
53 19 0.0015828564471
53 20 0.0325094362596
53 21 0.0126628515768
53 22 0.054182393766
53 23 0.00499208571776
53 24 0.000121758188238
53 25 0.0
53 26 0.0
53 27 0.00219164738829
53 28 0.0165591136004
53 29 0.00292219651772
53 30 0.00194813101181
53 31 0.0122975770121
53 32 0.00146109825886
53 33 0.000121758188238
53 34 0.0697674418605
53 35 0.0452940460246
53 36 0.00292219651772
53 37 0.079751613296
53 38 0.0316571289419
53 39 0.00462681115305
53 40 0.00353098745891
53 41 0.0245951540241
53 42 0.0124193352003
53 43 0.0262997686594
53 44 0.0191160355534
53 45 0.000243516376476
53 46 0.0259344940947
53 47 0.0294654815536
53 48 0.0041397784001
53 49 0.0
53 50 0.000121758188238
53 51 0.0
53 52 0.0066967003531
53 53 0.0
53 54 0.0215511993182
53 55 0.000487032752953
53 56 0.0499208571776
53 57 0.000243516376476
53 58 0.000121758188238
53 59 0.000365274564714
53 60 0.000243516376476
53 61 0.00474856934129
53 62 0.0166808717886
53 63 0.000730549129429
53 64 0.00694021672958
53 65 0.00231340557653
53 66 0.00170461463533
53 67 0.00316571289419
53 68 0.0
54 0 0.0134486071085
54 1 0.027583367641
54 2 0.00260738301084
54 3 0.00233292164128
54 4 0.0225058323041
54 5 0.0021956909565
54 6 0.139700837107
54 7 0.00960614793468
54 8 0.00123507616303
54 9 0.000960614793468
54 10 0.00782214903252
54 11 0.000137230684781
54 12 0.0
54 13 0.0
54 14 0.000137230684781
54 15 0.00178399890215
54 16 0.0104295320434
54 17 0.00274461369562
54 18 0.00576368876081
54 19 0.00164676821737
54 20 0.00247015232606
54 21 0.00699876492384
54 22 0.0380128996844
54 23 0.00919445588033
54 24 0.00178399890215
54 25 0.00137230684781
54 26 0.0
54 27 0.00192122958694
54 28 0.00713599560862
54 29 0.000960614793468
54 30 0.00301907506518
54 31 0.00123507616303
54 32 0.00123507616303
54 33 0.0
54 34 0.0524221215864
54 35 0.0448744339234
54 36 0.00562645807603
54 37 0.0214079868259
54 38 0.0160559901194
54 39 0.00164676821737
54 40 0.000137230684781
54 41 0.145876217922
54 42 0.0242898312063
54 43 0.0182516810759
54 44 0.00672430355427
54 45 0.0
54 46 0.00521476602168
54 47 0.0116646082064
54 48 0.00150953753259
54 49 0.0
54 50 0.0
54 51 0.0
54 52 0.0577741182929
54 53 0.00370522848909
54 54 0.000686153423906
54 55 0.0
54 56 0.2227254014
54 57 0.0
54 58 0.000274461369562
54 59 0.000823384108687
54 60 0.000137230684781
54 61 0.0050775353369
54 62 0.00905722519555
54 63 0.00192122958694
54 64 0.00123507616303
54 65 0.0116646082064
54 66 0.00109784547825
54 67 0.0
54 68 0.000137230684781
55 0 0.0
55 1 0.00549450549451
55 2 0.0
55 3 0.0
55 4 0.0
55 5 0.0
55 6 0.747252747253
55 7 0.0
55 8 0.0
55 9 0.0
55 10 0.0
55 11 0.0
55 12 0.0
55 13 0.0
55 14 0.0
55 15 0.0
55 16 0.0
55 17 0.0
55 18 0.0
55 19 0.0
55 20 0.0
55 21 0.0
55 22 0.00549450549451
55 23 0.0
55 24 0.0
55 25 0.0
55 26 0.0
55 27 0.0
55 28 0.0
55 29 0.0
55 30 0.0
55 31 0.0
55 32 0.0
55 33 0.0
55 34 0.0
55 35 0.0
55 36 0.010989010989
55 37 0.131868131868
55 38 0.0
55 39 0.00549450549451
55 40 0.0
55 41 0.0
55 42 0.0
55 43 0.010989010989
55 44 0.0
55 45 0.0
55 46 0.0
55 47 0.0
55 48 0.0
55 49 0.0
55 50 0.0
55 51 0.0
55 52 0.0
55 53 0.021978021978
55 54 0.0
55 55 0.0
55 56 0.00549450549451
55 57 0.0
55 58 0.0
55 59 0.021978021978
55 60 0.0
55 61 0.00549450549451
55 62 0.0
55 63 0.00549450549451
55 64 0.0
55 65 0.0
55 66 0.021978021978
55 67 0.0
55 68 0.0
56 0 0.0158680771624
56 1 0.0418481642813
56 2 0.0082451773491
56 3 0.00217797137523
56 4 0.0351586807716
56 5 0.00793403858121
56 6 0.215774735532
56 7 0.00980087118855
56 8 0.00108898568762
56 9 0.00280024891101
56 10 0.01695706285
56 11 0.00700062227754
56 12 0.0
56 13 0.0
56 14 0.0
56 15 0.00155569383945
56 16 0.00746733042937
56 17 0.00217797137523
56 18 0.00233354075918
56 19 0.0
56 20 0.000622277535781
56 21 0.0105787181083
56 22 0.0508711885501
56 23 0.0188238954574
56 24 0.00591163658992
56 25 0.00140012445551
56 26 0.000155569383945
56 27 0.00202240199129
56 28 0.0136901057872
56 29 0.00264467952707
56 30 0.00435594275047
56 31 0.000622277535781
56 32 0.000777846919726
56 33 0.0
56 34 0.133634100809
56 35 0.0320472930927
56 36 0.00420037336652
56 37 0.0147790914748
56 38 0.0202240199129
56 39 0.00108898568762
56 40 0.000466708151836
56 41 0.0105787181083
56 42 0.0205351586808
56 43 0.0121344119477
56 44 0.00295581829496
56 45 0.0
56 46 0.00933416303671
56 47 0.0202240199129
56 48 0.00108898568762
56 49 0.0
56 50 0.0
56 51 0.0
56 52 0.00108898568762
56 53 0.154947106409
56 54 0.0376477909147
56 55 0.0
56 56 0.0
56 57 0.0
56 58 0.000777846919726
56 59 0.00233354075918
56 60 0.0
56 61 0.0017112632234
56 62 0.0104231487243
56 63 0.00140012445551
56 64 0.00124455507156
56 65 0.00513378967019
56 66 0.0034225264468
56 67 0.00591163658992
56 68 0.0
57 0 0.0
57 1 0.0
57 2 0.0
57 3 0.0
57 4 0.05
57 5 0.0
57 6 0.35
57 7 0.0
57 8 0.0
57 9 0.0
57 10 0.2
57 11 0.0
57 12 0.0
57 13 0.0
57 14 0.0
57 15 0.0
57 16 0.0
57 17 0.0
57 18 0.0
57 19 0.0
57 20 0.0
57 21 0.0
57 22 0.0
57 23 0.0
57 24 0.0
57 25 0.0
57 26 0.0
57 27 0.0
57 28 0.0
57 29 0.0
57 30 0.0
57 31 0.0
57 32 0.0
57 33 0.0
57 34 0.05
57 35 0.0
57 36 0.0
57 37 0.1
57 38 0.05
57 39 0.0
57 40 0.0
57 41 0.0
57 42 0.0
57 43 0.0
57 44 0.05
57 45 0.0
57 46 0.0
57 47 0.0
57 48 0.0
57 49 0.0
57 50 0.0
57 51 0.0
57 52 0.0
57 53 0.05
57 54 0.0
57 55 0.0
57 56 0.0
57 57 0.0
57 58 0.0
57 59 0.0
57 60 0.0
57 61 0.0
57 62 0.05
57 63 0.0
57 64 0.0
57 65 0.05
57 66 0.0
57 67 0.0
57 68 0.0
58 0 0.0
58 1 0.0
58 2 0.0
58 3 0.0
58 4 0.0
58 5 0.0
58 6 0.0
58 7 0.0
58 8 0.0
58 9 0.0
58 10 0.0
58 11 0.0
58 12 0.0
58 13 0.0
58 14 0.0
58 15 0.0
58 16 0.0
58 17 0.0
58 18 0.0
58 19 0.0
58 20 0.0
58 21 0.0
58 22 0.0
58 23 0.0
58 24 0.0
58 25 0.0
58 26 0.0
58 27 0.0
58 28 0.0
58 29 0.0
58 30 0.0
58 31 0.0243902439024
58 32 0.0243902439024
58 33 0.0
58 34 0.0
58 35 0.0
58 36 0.0
58 37 0.0
58 38 0.0
58 39 0.0
58 40 0.0
58 41 0.0243902439024
58 42 0.0487804878049
58 43 0.0
58 44 0.0
58 45 0.0
58 46 0.0
58 47 0.0
58 48 0.0
58 49 0.0
58 50 0.0
58 51 0.0
58 52 0.0
58 53 0.878048780488
58 54 0.0
58 55 0.0
58 56 0.0
58 57 0.0
58 58 0.0
58 59 0.0
58 60 0.0
58 61 0.0
58 62 0.0
58 63 0.0
58 64 0.0
58 65 0.0
58 66 0.0
58 67 0.0
58 68 0.0
59 0 0.0
59 1 0.0
59 2 0.0
59 3 0.0
59 4 0.0
59 5 0.0
59 6 0.0
59 7 0.0
59 8 0.0
59 9 0.0
59 10 0.0
59 11 0.0
59 12 0.0
59 13 0.0
59 14 0.0
59 15 0.0
59 16 0.0
59 17 0.0
59 18 0.0
59 19 0.0
59 20 0.00492610837438
59 21 0.0
59 22 0.0
59 23 0.0
59 24 0.0
59 25 0.0
59 26 0.0
59 27 0.0
59 28 0.0
59 29 0.0
59 30 0.0
59 31 0.0
59 32 0.0
59 33 0.0
59 34 0.0
59 35 0.0
59 36 0.0
59 37 0.0
59 38 0.0
59 39 0.0
59 40 0.0
59 41 0.00492610837438
59 42 0.133004926108
59 43 0.00985221674877
59 44 0.0295566502463
59 45 0.0
59 46 0.0
59 47 0.0
59 48 0.0
59 49 0.0
59 50 0.0
59 51 0.0
59 52 0.00492610837438
59 53 0.79802955665
59 54 0.00492610837438
59 55 0.0
59 56 0.00492610837438
59 57 0.0
59 58 0.0
59 59 0.0
59 60 0.0
59 61 0.0
59 62 0.0
59 63 0.0
59 64 0.0
59 65 0.0
59 66 0.0
59 67 0.00492610837438
59 68 0.0
60 0 0.0
60 1 0.0
60 2 0.0
60 3 0.0
60 4 0.0
60 5 0.0
60 6 0.0
60 7 0.0
60 8 0.0
60 9 0.0
60 10 0.0
60 11 0.0
60 12 0.0
60 13 0.0
60 14 0.0
60 15 0.0
60 16 0.0
60 17 0.0
60 18 0.0
60 19 0.0
60 20 0.0555555555556
60 21 0.0
60 22 0.0
60 23 0.0
60 24 0.0
60 25 0.0
60 26 0.0
60 27 0.0
60 28 0.0
60 29 0.0
60 30 0.0
60 31 0.0
60 32 0.0
60 33 0.0
60 34 0.0555555555556
60 35 0.0
60 36 0.0
60 37 0.0
60 38 0.0
60 39 0.0
60 40 0.0
60 41 0.0555555555556
60 42 0.111111111111
60 43 0.111111111111
60 44 0.0
60 45 0.0
60 46 0.0
60 47 0.0
60 48 0.0
60 49 0.0
60 50 0.0
60 51 0.0
60 52 0.0
60 53 0.555555555556
60 54 0.0
60 55 0.0
60 56 0.0555555555556
60 57 0.0
60 58 0.0
60 59 0.0
60 60 0.0
60 61 0.0
60 62 0.0
60 63 0.0
60 64 0.0
60 65 0.0
60 66 0.0
60 67 0.0
60 68 0.0
61 0 0.0022271714922
61 1 0.0334075723831
61 2 0.0
61 3 0.0
61 4 0.0133630289532
61 5 0.0
61 6 0.075723830735
61 7 0.0
61 8 0.0
61 9 0.0
61 10 0.0
61 11 0.0
61 12 0.0
61 13 0.0
61 14 0.0
61 15 0.0
61 16 0.0
61 17 0.0
61 18 0.0400890868597
61 19 0.00890868596882
61 20 0.0334075723831
61 21 0.0
61 22 0.0178173719376
61 23 0.00890868596882
61 24 0.0
61 25 0.0
61 26 0.0
61 27 0.00890868596882
61 28 0.0200445434298
61 29 0.0267260579065
61 30 0.00445434298441
61 31 0.0378619153675
61 32 0.0155902004454
61 33 0.0
61 34 0.0244988864143
61 35 0.00890868596882
61 36 0.0
61 37 0.00445434298441
61 38 0.011135857461
61 39 0.0
61 40 0.0267260579065
61 41 0.0601336302895
61 42 0.075723830735
61 43 0.104677060134
61 44 0.102449888641
61 45 0.0022271714922
61 46 0.0022271714922
61 47 0.00890868596882
61 48 0.0
61 49 0.0
61 50 0.0
61 51 0.0
61 52 0.0178173719376
61 53 0.00890868596882
61 54 0.0668151447661
61 55 0.0
61 56 0.0846325167038
61 57 0.0
61 58 0.0022271714922
61 59 0.0022271714922
61 60 0.0
61 61 0.0
61 62 0.0
61 63 0.0
61 64 0.00890868596882
61 65 0.00668151447661
61 66 0.0133630289532
61 67 0.00890868596882
61 68 0.0
62 0 0.00301507537688
62 1 0.0
62 2 0.0
62 3 0.0
62 4 0.0
62 5 0.0
62 6 0.0361809045226
62 7 0.0
62 8 0.0
62 9 0.00100502512563
62 10 0.0
62 11 0.0
62 12 0.0
62 13 0.0
62 14 0.0
62 15 0.0
62 16 0.0
62 17 0.0
62 18 0.0673366834171
62 19 0.00603015075377
62 20 0.094472361809
62 21 0.00100502512563
62 22 0.00100502512563
62 23 0.0
62 24 0.0
62 25 0.0
62 26 0.0
62 27 0.0
62 28 0.0
62 29 0.0
62 30 0.0070351758794
62 31 0.0311557788945
62 32 0.00301507537688
62 33 0.0
62 34 0.0150753768844
62 35 0.0
62 36 0.0
62 37 0.00201005025126
62 38 0.0
62 39 0.0
62 40 0.0130653266332
62 41 0.0663316582915
62 42 0.094472361809
62 43 0.0733668341709
62 44 0.0964824120603
62 45 0.0
62 46 0.00100502512563
62 47 0.0
62 48 0.0
62 49 0.0
62 50 0.0
62 51 0.0
62 52 0.0412060301508
62 53 0.0331658291457
62 54 0.0693467336683
62 55 0.0180904522613
62 56 0.118592964824
62 57 0.0
62 58 0.0
62 59 0.0
62 60 0.0
62 61 0.0
62 62 0.0
62 63 0.0
62 64 0.0150753768844
62 65 0.0
62 66 0.00402010050251
62 67 0.0743718592965
62 68 0.0130653266332
63 0 0.0
63 1 0.0
63 2 0.0
63 3 0.0
63 4 0.00719424460432
63 5 0.0
63 6 0.0359712230216
63 7 0.0
63 8 0.0
63 9 0.0
63 10 0.0
63 11 0.0
63 12 0.0
63 13 0.0
63 14 0.0
63 15 0.0
63 16 0.0
63 17 0.0
63 18 0.0215827338129
63 19 0.00719424460432
63 20 0.0287769784173
63 21 0.0
63 22 0.00719424460432
63 23 0.0
63 24 0.00719424460432
63 25 0.0
63 26 0.0
63 27 0.0
63 28 0.0
63 29 0.0
63 30 0.0143884892086
63 31 0.0287769784173
63 32 0.0287769784173
63 33 0.0
63 34 0.00719424460432
63 35 0.0
63 36 0.0
63 37 0.0
63 38 0.0
63 39 0.0
63 40 0.0791366906475
63 41 0.0719424460432
63 42 0.10071942446
63 43 0.107913669065
63 44 0.10071942446
63 45 0.0
63 46 0.0
63 47 0.00719424460432
63 48 0.0
63 49 0.0
63 50 0.0
63 51 0.0
63 52 0.0287769784173
63 53 0.0503597122302
63 54 0.0791366906475
63 55 0.0
63 56 0.107913669065
63 57 0.0
63 58 0.0
63 59 0.0
63 60 0.0
63 61 0.0
63 62 0.0
63 63 0.0
63 64 0.00719424460432
63 65 0.0143884892086
63 66 0.0143884892086
63 67 0.0359712230216
63 68 0.0
64 0 0.0323907455013
64 1 0.066323907455
64 2 0.00565552699229
64 3 0.0143958868895
64 4 0.0508997429306
64 5 0.0185089974293
64 6 0.184575835476
64 7 0.00205655526992
64 8 0.0
64 9 0.00154241645244
64 10 0.0133676092545
64 11 0.00154241645244
64 12 0.0
64 13 0.0
64 14 0.0
64 15 0.00462724935733
64 16 0.0293059125964
64 17 0.00411311053985
64 18 0.0
64 19 0.000514138817481
64 20 0.00205655526992
64 21 0.0215938303342
64 22 0.104884318766
64 23 0.00976863753213
64 24 0.00719794344473
64 25 0.00205655526992
64 26 0.000514138817481
64 27 0.00308483290488
64 28 0.0174807197943
64 29 0.00565552699229
64 30 0.0
64 31 0.00154241645244
64 32 0.0
64 33 0.0
64 34 0.116709511568
64 35 0.0632390745501
64 36 0.00925449871465
64 37 0.0632390745501
64 38 0.0437017994859
64 39 0.00411311053985
64 40 0.000514138817481
64 41 0.0025706940874
64 42 0.0215938303342
64 43 0.00102827763496
64 44 0.00205655526992
64 45 0.0
64 46 0.00976863753213
64 47 0.0246786632391
64 48 0.00102827763496
64 49 0.0
64 50 0.0
64 51 0.0
64 52 0.0
64 53 0.0149100257069
64 54 0.00565552699229
64 55 0.0
64 56 0.00102827763496
64 57 0.0
64 58 0.0
64 59 0.000514138817481
64 60 0.0
64 61 0.000514138817481
64 62 0.000514138817481
64 63 0.0
64 64 0.0
64 65 0.0025706940874
64 66 0.00514138817481
64 67 0.0
64 68 0.0
65 0 0.0204953031597
65 1 0.128949615713
65 2 0.0187873612297
65 3 0.000853970964987
65 4 0.0179333902647
65 5 0.00426985482494
65 6 0.0845431255337
65 7 0.00341588385995
65 8 0.00256191289496
65 9 0.00597779675491
65 10 0.116994022203
65 11 0.00256191289496
65 12 0.0
65 13 0.0
65 14 0.0
65 15 0.00256191289496
65 16 0.0426985482494
65 17 0.000853970964987
65 18 0.0
65 19 0.0
65 20 0.0
65 21 0.00853970964987
65 22 0.120409906063
65 23 0.0170794192997
65 24 0.0
65 25 0.0
65 26 0.0
65 27 0.00256191289496
65 28 0.0222032450897
65 29 0.0068317677199
65 30 0.0
65 31 0.0
65 32 0.0
65 33 0.0
65 34 0.0845431255337
65 35 0.169086251067
65 36 0.0179333902647
65 37 0.0187873612297
65 38 0.0247651579846
65 39 0.0
65 40 0.0
65 41 0.0
65 42 0.0
65 43 0.0
65 44 0.00170794192997
65 45 0.0
65 46 0.00341588385995
65 47 0.0298889837746
65 48 0.00170794192997
65 49 0.0
65 50 0.0
65 51 0.000853970964987
65 52 0.0
65 53 0.0
65 54 0.0
65 55 0.0
65 56 0.0
65 57 0.0
65 58 0.0
65 59 0.00853970964987
65 60 0.00426985482494
65 61 0.0
65 62 0.00341588385995
65 63 0.0
65 64 0.0
65 65 0.0
65 66 0.0
65 67 0.0
65 68 0.0
66 0 0.0228613569322
66 1 0.0553097345133
66 2 0.0103244837758
66 3 0.00221238938053
66 4 0.0265486725664
66 5 0.00221238938053
66 6 0.233775811209
66 7 0.00589970501475
66 8 0.0
66 9 0.000737463126844
66 10 0.0132743362832
66 11 0.000737463126844
66 12 0.0
66 13 0.0
66 14 0.0
66 15 0.0
66 16 0.000737463126844
66 17 0.0
66 18 0.0
66 19 0.0
66 20 0.000737463126844
66 21 0.00737463126844
66 22 0.0287610619469
66 23 0.00221238938053
66 24 0.00884955752212
66 25 0.00589970501475
66 26 0.00147492625369
66 27 0.00147492625369
66 28 0.00589970501475
66 29 0.0
66 30 0.0
66 31 0.0
66 32 0.0
66 33 0.0
66 34 0.00442477876106
66 35 0.00442477876106
66 36 0.0
66 37 0.000737463126844
66 38 0.00221238938053
66 39 0.0
66 40 0.0
66 41 0.0
66 42 0.0
66 43 0.0
66 44 0.00147492625369
66 45 0.0
66 46 0.00737463126844
66 47 0.0184365781711
66 48 0.00147492625369
66 49 0.0
66 50 0.0
66 51 0.0
66 52 0.0
66 53 0.0
66 54 0.0
66 55 0.0
66 56 0.000737463126844
66 57 0.0
66 58 0.00663716814159
66 59 0.0523598820059
66 60 0.00368731563422
66 61 0.120206489676
66 62 0.283923303835
66 63 0.0538348082596
66 64 0.0
66 65 0.000737463126844
66 66 0.0
66 67 0.0
66 68 0.0
67 0 0.0326747720365
67 1 0.0547112462006
67 2 0.00683890577508
67 3 0.00759878419453
67 4 0.0364741641337
67 5 0.00227963525836
67 6 0.268996960486
67 7 0.00911854103343
67 8 0.00151975683891
67 9 0.00227963525836
67 10 0.0205167173252
67 11 0.0
67 12 0.0
67 13 0.0
67 14 0.0
67 15 0.00227963525836
67 16 0.0113981762918
67 17 0.00379939209726
67 18 0.0258358662614
67 19 0.0
67 20 0.0136778115502
67 21 0.0144376899696
67 22 0.0509118541033
67 23 0.000759878419453
67 24 0.00379939209726
67 25 0.00227963525836
67 26 0.0
67 27 0.00227963525836
67 28 0.0136778115502
67 29 0.0
67 30 0.000759878419453
67 31 0.000759878419453
67 32 0.000759878419453
67 33 0.0
67 34 0.104103343465
67 35 0.0493920972644
67 36 0.00151975683891
67 37 0.0364741641337
67 38 0.0296352583587
67 39 0.00151975683891
67 40 0.000759878419453
67 41 0.00835866261398
67 42 0.0174772036474
67 43 0.0585106382979
67 44 0.0220364741641
67 45 0.0
67 46 0.0136778115502
67 47 0.0212765957447
67 48 0.00227963525836
67 49 0.0
67 50 0.0
67 51 0.0
67 52 0.00151975683891
67 53 0.00455927051672
67 54 0.000759878419453
67 55 0.0
67 56 0.00151975683891
67 57 0.0
67 58 0.0
67 59 0.00227963525836
67 60 0.0
67 61 0.00379939209726
67 62 0.016717325228
67 63 0.00227963525836
67 64 0.00303951367781
67 65 0.00455927051672
67 66 0.00151975683891
67 67 0.0
67 68 0.0
68 0 0.0238095238095
68 1 0.0238095238095
68 2 0.0238095238095
68 3 0.0
68 4 0.0
68 5 0.0
68 6 0.52380952381
68 7 0.0
68 8 0.0
68 9 0.0
68 10 0.0
68 11 0.0
68 12 0.0
68 13 0.0
68 14 0.0
68 15 0.0238095238095
68 16 0.0
68 17 0.0
68 18 0.0
68 19 0.0
68 20 0.0238095238095
68 21 0.0
68 22 0.0
68 23 0.0
68 24 0.0238095238095
68 25 0.0238095238095
68 26 0.0
68 27 0.0
68 28 0.0
68 29 0.0238095238095
68 30 0.0
68 31 0.0
68 32 0.0
68 33 0.0
68 34 0.0
68 35 0.0238095238095
68 36 0.0238095238095
68 37 0.047619047619
68 38 0.0238095238095
68 39 0.0
68 40 0.0
68 41 0.0238095238095
68 42 0.0
68 43 0.0
68 44 0.0
68 45 0.0
68 46 0.0
68 47 0.0
68 48 0.0
68 49 0.0
68 50 0.0
68 51 0.0
68 52 0.0
68 53 0.0
68 54 0.0
68 55 0.0
68 56 0.0
68 57 0.0
68 58 0.0
68 59 0.0238095238095
68 60 0.0
68 61 0.047619047619
68 62 0.0
68 63 0.0238095238095
68 64 0.0
68 65 0.0238095238095
68 66 0.0238095238095
68 67 0.0
68 68 0.0
